! NMF Generated XRD
! Source = nmfMapping@PDFitc
! Created by = Zachary
! Date = 20211116215106507480
! PDFitc UUID = 261fbdf0
! q Intensity
! 
0.0 2.78781e-05
1.0 5.62757e-05
2.0 8.33325e-05
3.0 0.0001140104
4.0 0.0001462066
5.0 0.000192332
6.0 0.000275234
7.0 0.0003714549
8.0 0.0007222172
9.0 0.0014853082000000001
10.0 0.0031786651000000003
11.0 0.0055752855
12.0 0.0070085398000000005
13.0 0.007256048100000001
14.0 0.0074357404
15.0 0.0080300879
16.0 0.0077320809
17.0 0.0073971006
18.0 0.0076372702
19.0 0.0086597652
20.0 0.0077764974
21.0 0.0072350439
22.0 0.007821783
23.0 0.0080409196
24.0 0.0074783932
25.0 0.0074602721
26.0 0.0078092092
27.0 0.0074516913
28.0 0.006897461200000001
29.0 0.0062524961
30.0 0.006082410700000001
31.0 0.0051696632
32.0 0.0035126062
33.0 0.0025225734
34.0 0.0020197079000000002
35.0 0.0018832997
36.0 0.0018282902
37.0 0.0018717216
38.0 0.0018758561
39.0 0.0018365932000000001
40.0 0.0018507143000000002
41.0 0.0019210288
42.0 0.0019173615
43.0 0.0018524949
44.0 0.0018910428000000002
45.0 0.0019189877
46.0 0.0018749805
47.0 0.0018471072
48.0 0.0018984469000000001
49.0 0.0019217267000000001
50.0 0.0018501499
51.0 0.0018770539000000001
52.0 0.0019075070000000001
53.0 0.0019181986
54.0 0.0019022435
55.0 0.0019034076000000002
56.0 0.0019128720000000001
57.0 0.0018924193
58.0 0.0018884656
59.0 0.0019284114
60.0 0.0019315824
61.0 0.0019195825000000001
62.0 0.0019243644000000002
63.0 0.0019461581000000002
64.0 0.0019400862
65.0 0.0019420455
66.0 0.0019482604
67.0 0.0019583072
68.0 0.0019525172
69.0 0.0019480094
70.0 0.0019686061
71.0 0.0019835872000000003
72.0 0.0019810374
73.0 0.001985506
74.0 0.0019992754
75.0 0.0020061693
76.0 0.0020150283
77.0 0.0020314783
78.0 0.0020604023
79.0 0.0020852977
80.0 0.0021018537
81.0 0.0021338443000000003
82.0 0.0021501623000000003
83.0 0.0021580712
84.0 0.0021666353
85.0 0.0021819899
86.0 0.0021812805
87.0 0.0021765963
88.0 0.0021708437000000002
89.0 0.0021610007
90.0 0.0021428002
91.0 0.002121977
92.0 0.0021144040000000003
93.0 0.0020901342
94.0 0.0020686293
95.0 0.0020561966
96.0 0.0020537965000000003
97.0 0.0020299808
98.0 0.0020091148
99.0 0.0020201126
100.0 0.0020226845
101.0 0.0020046843
102.0 0.0019814568
103.0 0.0019840063
104.0 0.0019775197
105.0 0.0019585925
106.0 0.0019585964
107.0 0.001961757
108.0 0.0019500605000000002
109.0 0.001939046
110.0 0.0019433852
111.0 0.0019280322000000002
112.0 0.001920845
113.0 0.0018850355000000001
114.0 0.0019137560000000002
115.0 0.00192516
116.0 0.0018971485000000001
117.0 0.0018876560000000001
118.0 0.0018854829
119.0 0.0018706104000000001
120.0 0.0018615313000000001
121.0 0.0018701999999999998
122.0 0.0018677136
123.0 0.0018452045
124.0 0.0018414969
125.0 0.0018294563
126.0 0.0017654605000000001
127.0 0.0018284228
128.0 0.001797559
129.0 0.001812142
130.0 0.0018052857
131.0 0.0017794156
132.0 0.0017794248
133.0 0.0017628723
134.0 0.0017509835
135.0 0.0017497356
136.0 0.0017438004000000001
137.0 0.0017226867
138.0 0.0017082332
139.0 0.001722949
140.0 0.0017251142
141.0 0.0016812569
142.0 0.0016634208000000001
143.0 0.0016874750000000001
144.0 0.001662707
145.0 0.0016469701
146.0 0.0016356632000000002
147.0 0.0016612576
148.0 0.0016472233
149.0 0.0016084679
150.0 0.0015972744
151.0 0.0015983236
152.0 0.0016008932
153.0 0.0015954012
154.0 0.0015846534
155.0 0.0015775167
156.0 0.0015568144
157.0 0.0015680021
158.0 0.0015637942000000001
159.0 0.0015361116000000001
160.0 0.0015371026
161.0 0.0015001756
162.0 0.0015044894
163.0 0.0015073896
164.0 0.0014962651000000001
165.0 0.0014998720000000002
166.0 0.0014911706
167.0 0.0014669606
168.0 0.0014452555
169.0 0.0014504892
170.0 0.0014536548
171.0 0.0014294098
172.0 0.0014307089
173.0 0.0014090702
174.0 0.0014026439
175.0 0.0013746006000000001
176.0 0.0013912105
177.0 0.0013937797
178.0 0.0013773555
179.0 0.0013629326
180.0 0.0013723671
181.0 0.0013597329
182.0 0.0013435825
183.0 0.0013327223
184.0 0.0013250474000000001
185.0 0.0013083162
186.0 0.0012838812
187.0 0.0012842657
188.0 0.0012943445
189.0 0.0012495859
190.0 0.0012660321
191.0 0.0012545024000000001
192.0 0.0012516459
193.0 0.0012250874
194.0 0.001245147
195.0 0.0012372243
196.0 0.0012326295
197.0 0.0012217324
198.0 0.0012294810000000002
199.0 0.0012187624
200.0 0.0012021511
201.0 0.0012062868
202.0 0.0012000672
203.0 0.0011760979
204.0 0.0011723483
205.0 0.0011651786
206.0 0.0011827759000000001
207.0 0.0011318604
208.0 0.0011515421
209.0 0.0011545175
210.0 0.0011256195
211.0 0.0011408867
212.0 0.0011431239
213.0 0.0011405254
214.0 0.001128834
215.0 0.0011172024
216.0 0.0011382896
217.0 0.0011440757
218.0 0.0011235783
219.0 0.0011296098
220.0 0.0011225780000000002
221.0 0.0011236204
222.0 0.0011074458000000001
223.0 0.0011059716
224.0 0.0011297344
225.0 0.0010928409
226.0 0.001104573
227.0 0.0011046144
228.0 0.0011176071
229.0 0.0011149744
230.0 0.0011147501
231.0 0.0011238276
232.0 0.0011125614000000001
233.0 0.0010909178000000001
234.0 0.001100326
235.0 0.0011232206
236.0 0.0011168411
237.0 0.0011147385
238.0 0.0011079842
239.0 0.0011118091
240.0 0.0010951999000000001
241.0 0.0011150795000000001
242.0 0.0011246565
243.0 0.0011097803
244.0 0.0011376726
245.0 0.0011598126
246.0 0.0011479941
247.0 0.0011319725000000001
248.0 0.0011419459
249.0 0.0011691669
250.0 0.0011724026000000001
251.0 0.0011518174
252.0 0.0011531235
253.0 0.0011544528
254.0 0.0011644809
255.0 0.0011675579000000001
256.0 0.0011698594
257.0 0.0011840298000000001
258.0 0.0011520647
259.0 0.0011802835
260.0 0.0011960183
261.0 0.001197074
262.0 0.0011948811
263.0 0.0012037521
264.0 0.0012060111000000001
265.0 0.0011972779
266.0 0.0012028953000000002
267.0 0.0012271816000000001
268.0 0.0012358351
269.0 0.0012277141
270.0 0.0012724485
271.0 0.001264265
272.0 0.0012862912
273.0 0.0013006711
274.0 0.0013017108
275.0 0.0013214564
276.0 0.0013058689
277.0 0.0013239060000000001
278.0 0.0013449735000000001
279.0 0.0013709215
280.0 0.0013871768
281.0 0.0014045581
282.0 0.0014238512000000001
283.0 0.0014195707
284.0 0.0014169243
285.0 0.0014358313000000001
286.0 0.0014109153
287.0 0.0014028665
288.0 0.0014146949
289.0 0.0013873775000000001
290.0 0.001415266
291.0 0.0014044251
292.0 0.0013883741
293.0 0.0013899133
294.0 0.0013651211
295.0 0.0013222999
296.0 0.0013009733
297.0 0.0012849637
298.0 0.0012580092
299.0 0.0012273466
300.0 0.0011911695000000001
301.0 0.0011493624
302.0 0.0010797705
303.0 0.0011049728000000001
304.0 0.0010999993
305.0 0.0010688175
306.0 0.001045144
307.0 0.0010784917
308.0 0.0010564391
309.0 0.0010338746
310.0 0.0010448760000000001
311.0 0.0010537518
312.0 0.0010679646
313.0 0.0010778151
314.0 0.0010715212
315.0 0.001066562
316.0 0.0010702232
317.0 0.001077506
318.0 0.0010945676
319.0 0.0011036089
320.0 0.0011268835000000001
321.0 0.0011764578
322.0 0.0013105647
323.0 0.0014188196
324.0 0.0015742557000000001
325.0 0.0018803506
326.0 0.0023513123
327.0 0.0031546686
328.0 0.0047007934
329.0 0.0076904228
330.0 0.0143626992
331.0 0.029316852
332.0 0.0535873202
333.0 0.0753016284
334.0 0.0749777299
335.0 0.050515537400000005
336.0 0.0253338928
337.0 0.011166278600000001
338.0 0.006009863000000001
339.0 0.0036067265
340.0 0.0024730545
341.0 0.0019111564000000001
342.0 0.0017364573000000002
343.0 0.0015341789
344.0 0.0013116834
345.0 0.0011901936
346.0 0.0009304208
347.0 0.0008475691
348.0 0.0007712481
349.0 0.0007452336000000001
350.0 0.0007056318
351.0 0.0006568856
352.0 0.0006662187
353.0 0.0006928336
354.0 0.0007847117
355.0 0.0009084354
356.0 0.0011686469
357.0 0.0015264884
358.0 0.0019439468
359.0 0.0022375223
360.0 0.0022865008
361.0 0.0021215787
362.0 0.0018924318
363.0 0.0016475329
364.0 0.00138188
365.0 0.0011370394
366.0 0.0008945734
367.0 0.0006930850000000001
368.0 0.0005178258
369.0 0.0004951354
370.0 0.0004471138
371.0 0.0004408862
372.0 0.00038139150000000003
373.0 0.0003798564
374.0 0.000356109
375.0 0.0003705067
376.0 0.0003789526
377.0 0.00038260940000000004
378.0 0.00036520140000000003
379.0 0.00035076890000000004
380.0 0.0003732822
381.0 0.0003942195
382.0 0.0003987425
383.0 0.0004364508
384.0 0.0004725309
385.0 0.0005458111
386.0 0.0005748395
387.0 0.0005319219000000001
388.0 0.00045594360000000004
389.0 0.0003581703
390.0 0.00048240600000000006
391.0 0.0005180533
392.0 0.00044732990000000004
393.0 0.00040799710000000004
394.0 0.0004178782
395.0 0.0004294088
396.0 0.0004150013
397.0 0.0004203828
398.0 0.0004211732
399.0 0.0004116588
400.0 0.00038690020000000004
401.0 0.0003754058
402.0 0.00043884610000000004
403.0 0.0004062887
404.0 0.00040989950000000004
405.0 0.0004422675
406.0 0.00040992780000000004
407.0 0.0004176517
408.0 0.0004885885
409.0 0.0005196114
410.0 0.0005698416000000001
411.0 0.0006504006000000001
412.0 0.000727248
413.0 0.000757287
414.0 0.0007277402
415.0 0.0006954361
416.0 0.000640116
417.0 0.0006102373
418.0 0.0005280617
419.0 0.0005280891000000001
420.0 0.0005876644
421.0 0.0006088984
422.0 0.0006352445
423.0 0.0006986059
424.0 0.0007780074000000001
425.0 0.0007850702
426.0 0.0007399448
427.0 0.0007068163000000001
428.0 0.0006796198000000001
429.0 0.0006674985
430.0 0.0007016213
431.0 0.0007244172000000001
432.0 0.0006885207
433.0 0.0006965116
434.0 0.0007285004
435.0 0.0007307583000000001
436.0 0.0007556376000000001
437.0 0.0008141206
438.0 0.0008541613000000001
439.0 0.0008535389
440.0 0.0009400280000000001
441.0 0.0010104241
442.0 0.0010841309
443.0 0.0011643186000000001
444.0 0.0011795877
445.0 0.0012127565000000001
446.0 0.0013111601
447.0 0.0014062221
448.0 0.0015090724000000001
449.0 0.0015983543
450.0 0.0017552506
451.0 0.0018829125
452.0 0.0020117529
453.0 0.0021340027
454.0 0.0022595866000000003
455.0 0.0024426902
456.0 0.0027494547
457.0 0.0029934048
458.0 0.0032805424
459.0 0.0036956709
460.0 0.004210943500000001
461.0 0.0048791098
462.0 0.0057587081
463.0 0.0069930403
464.0 0.0089494947
465.0 0.0121331107
466.0 0.017576306
467.0 0.027900294500000002
468.0 0.0484455482
469.0 0.0927360327
470.0 0.19487010740000002
471.0 0.39742795070000003
472.0 0.5917757728
473.0 0.6078682598
474.0 0.4200878132
475.0 0.21230364840000002
476.0 0.0925466531
477.0 0.0442672533
478.0 0.025070850000000002
479.0 0.0157825672
480.0 0.0108993627
481.0 0.00815718
482.0 0.0064219079
483.0 0.0052800548000000004
484.0 0.0044875934
485.0 0.0038893264
486.0 0.0034733991000000003
487.0 0.0030850366
488.0 0.0027767589
489.0 0.0024716405
490.0 0.0022222429
491.0 0.0020376310000000003
492.0 0.0018557968
493.0 0.0016901921000000001
494.0 0.0015538387000000001
495.0 0.0014421962
496.0 0.0013277558
497.0 0.0012008477000000001
498.0 0.0011010407
499.0 0.001044526
500.0 0.0010387344
501.0 0.0010509162000000001
502.0 0.0011242594
503.0 0.0010906457000000001
504.0 0.0010803959000000001
505.0 0.0011935408000000002
506.0 0.001276435
507.0 0.0013872606
508.0 0.001450834
509.0 0.0014424927
510.0 0.0013663979
511.0 0.0012882581
512.0 0.0011885933
513.0 0.0010799459
514.0 0.0010261106
515.0 0.0009789438
516.0 0.0009063239
517.0 0.0007666961
518.0 0.0006485668
519.0 0.0005295182
520.0 0.00042903310000000003
521.0 0.0003725428
522.0 0.0002863732
523.0 0.0002505547
524.0 0.0002289495
525.0 0.00023053170000000001
526.0 0.0002028481
527.0 0.0001975574
528.0 0.0001931152
529.0 0.0001729449
530.0 0.0001514249
531.0 0.0001301013
532.0 0.0001313349
533.0 0.0001316383
534.0 0.0001214386
535.0 0.0001106011
536.0 8.94102e-05
537.0 0.0001084929
538.0 0.0001706784
539.0 0.0001779476
540.0 0.0001508398
541.0 0.0001617108
542.0 0.0001614219
543.0 0.0001718879
544.0 0.0001399495
545.0 9.640150000000001e-05
546.0 0.0001180278
547.0 0.00017113
548.0 0.0001847463
549.0 0.0001952224
550.0 0.000246508
551.0 0.0002596512
552.0 0.0002642069
553.0 0.0002842003
554.0 0.0003206152
555.0 0.00033201570000000003
556.0 0.00033531800000000003
557.0 0.00035038370000000003
558.0 0.00048149140000000004
559.0 0.0005222254
560.0 0.0005627252
561.0 0.0006265255
562.0 0.0007168181000000001
563.0 0.0008019615000000001
564.0 0.0009034509000000001
565.0 0.0010650325
566.0 0.0012165548
567.0 0.001358106
568.0 0.0015499656000000001
569.0 0.001849064
570.0 0.002278211
571.0 0.0029907794
572.0 0.0042228472
573.0 0.0064437734
574.0 0.010867295
575.0 0.0206941884
576.0 0.0440534229
577.0 0.0949254721
578.0 0.1702986701
579.0 0.21540937240000002
580.0 0.18360173970000002
581.0 0.1077360908
582.0 0.0502366012
583.0 0.0230546938
584.0 0.0114923722
585.0 0.006664482
586.0 0.0043639839
587.0 0.0031497222000000003
588.0 0.0024251472
589.0 0.0020427761
590.0 0.0016522907
591.0 0.0014111684
592.0 0.0012460112
593.0 0.0011575826
594.0 0.0010858996
595.0 0.0009744001000000001
596.0 0.0008493973
597.0 0.0007698862000000001
598.0 0.0007064882
599.0 0.0006384296
600.0 0.0005882089
601.0 0.0005083427
602.0 0.000452798
603.0 0.00041523840000000004
604.0 0.0003884059
605.0 0.00039288210000000003
606.0 0.0003472386
607.0 0.00033711390000000003
608.0 0.0003691222
609.0 0.0003080881
610.0 0.0002585266
611.0 0.00031387010000000004
612.0 0.0003320353
613.0 0.0003325061
614.0 0.0003631586
615.0 0.0003697136
616.0 0.0003564488
617.0 0.0003606315
618.0 0.00036944770000000004
619.0 0.0004688639
620.0 0.0005916747000000001
621.0 0.0007013188
622.0 0.0008853128
623.0 0.0010806827
624.0 0.0010578169000000001
625.0 0.0010527844
626.0 0.0009314043
627.0 0.0009020298
628.0 0.000857599
629.0 0.0008178828000000001
630.0 0.0007979450000000001
631.0 0.000827875
632.0 0.0008551206
633.0 0.0008452914
634.0 0.0008518597000000001
635.0 0.0008806619
636.0 0.0009045496
637.0 0.0009120008
638.0 0.0008830447000000001
639.0 0.0008279899
640.0 0.0007482273000000001
641.0 0.0008202416000000001
642.0 0.0008734277
643.0 0.0008833075
644.0 0.0009517283
645.0 0.0011234389000000001
646.0 0.0013708495000000001
647.0 0.001383894
648.0 0.0016892066000000002
649.0 0.0017674661000000001
650.0 0.0018559844000000001
651.0 0.0020994616
652.0 0.0023679838
653.0 0.0026892511
654.0 0.0030516567
655.0 0.0035434287
656.0 0.0042070962000000005
657.0 0.0049425261000000005
658.0 0.0059691042
659.0 0.0073012783
660.0 0.0091110854
661.0 0.011359477500000001
662.0 0.0139865947
663.0 0.017316804
664.0 0.0255790738
665.0 0.049036035900000004
666.0 0.0927200628
667.0 0.1518987698
668.0 0.2196552812
669.0 0.2752948353
670.0 0.2722955302
671.0 0.1871916585
672.0 0.0813713018
673.0 0.030600697000000003
674.0 0.020230056200000002
675.0 0.0162552108
676.0 0.0118158607
677.0 0.0086484373
678.0 0.006475806000000001
679.0 0.0050210602
680.0 0.0040914433
681.0 0.0034550839
682.0 0.002963593
683.0 0.0026922213
684.0 0.0024432801
685.0 0.0022290549
686.0 0.0021907917
687.0 0.0022009276000000003
688.0 0.0021668949000000002
689.0 0.0020786019
690.0 0.0018471401
691.0 0.0015721341
692.0 0.0013533822
693.0 0.0011433997
694.0 0.0010380772
695.0 0.0009007643000000001
696.0 0.0009119414
697.0 0.0008837506000000001
698.0 0.0008135018000000001
699.0 0.0006388946
700.0 0.0006342
701.0 0.0006845126000000001
702.0 0.0005595634
703.0 0.0005026633
704.0 0.0004825505
705.0 0.00048286
706.0 0.00046126720000000003
707.0 0.0004320797
708.0 0.00034539280000000003
709.0 0.0004090644
710.0 0.0003922694
711.0 0.0004108148
712.0 0.0003341916
713.0 0.0003358804
714.0 0.0002860918
715.0 0.0002539445
716.0 0.0002979643
717.0 0.00038308330000000004
718.0 0.0003845158
719.0 0.0003654385
720.0 0.0003871498
721.0 0.0004360104
722.0 0.00044943930000000004
723.0 0.0004106286
724.0 0.00041322090000000004
725.0 0.0004216235
726.0 0.0003368734
727.0 0.0003592159
728.0 0.0004655511
729.0 0.0004598919
730.0 0.0005457647
731.0 0.0006152929
732.0 0.0007076517
733.0 0.0008143060000000001
734.0 0.0008708179000000001
735.0 0.0010506276000000001
736.0 0.0012506849
737.0 0.0015496286000000001
738.0 0.0019584777
739.0 0.0025035609
740.0 0.0032530797
741.0 0.0043671855
742.0 0.006098817800000001
743.0 0.0087324382
744.0 0.0141101585
745.0 0.0258143014
746.0 0.0472422901
747.0 0.075782765
748.0 0.0992465463
749.0 0.0949786182
750.0 0.062665912
751.0 0.0300671282
752.0 0.013263417000000001
753.0 0.0072427167
754.0 0.0048884573
755.0 0.0034898745
756.0 0.0025480287
757.0 0.0019021992
758.0 0.0014571879
759.0 0.0011570670000000001
760.0 0.0009790248
761.0 0.0008980264
762.0 0.0007136320000000001
763.0 0.0005770281
764.0 0.0005757669
765.0 0.0004943193
766.0 0.00046024820000000003
767.0 0.0004152745
768.0 0.00043388540000000004
769.0 0.0004388773
770.0 0.0003822496
771.0 0.0004354763
772.0 0.00047238700000000006
773.0 0.0004758826
774.0 0.0004997656
775.0 0.0005072601
776.0 0.0005076774
777.0 0.0005474859
778.0 0.0006034135
779.0 0.0006139306
780.0 0.000513187
781.0 0.0005690542
782.0 0.0006489893
783.0 0.0005893212
784.0 0.0006660676
785.0 0.0007019261
786.0 0.0007407173
787.0 0.0007389855
788.0 0.0008715275
789.0 0.0008916861000000001
790.0 0.0008531794
791.0 0.0009276234000000001
792.0 0.0010402199
793.0 0.0011619311
794.0 0.0012414169
795.0 0.0012950421
796.0 0.0014219424
797.0 0.0015308357000000002
798.0 0.0015946371000000001
799.0 0.0017345733
800.0 0.0019940757
801.0 0.0022438995
802.0 0.0024805871000000003
803.0 0.0028269488
804.0 0.0031577610000000002
805.0 0.0035692724
806.0 0.0040468628
807.0 0.0046979082
808.0 0.0056228224000000005
809.0 0.0068286937
810.0 0.0085082141
811.0 0.0109464651
812.0 0.0146021425
813.0 0.0203391622
814.0 0.0297725462
815.0 0.0464234186
816.0 0.0784586416
817.0 0.1411069904
818.0 0.2481984254
819.0 0.3780213848
820.0 0.4437901119
821.0 0.34741274780000003
822.0 0.17459828060000002
823.0 0.0787258456
824.0 0.043394811000000005
825.0 0.0276385934
826.0 0.0183661509
827.0 0.0127485349
828.0 0.009338683700000001
829.0 0.0071752051
830.0 0.0056941197
831.0 0.0046860172
832.0 0.0039813758
833.0 0.0034033720000000004
834.0 0.0029923344000000003
835.0 0.0026986585000000002
836.0 0.0023619825
837.0 0.0021589393
838.0 0.0019846907
839.0 0.0017625318
840.0 0.0016318276
841.0 0.0013982865
842.0 0.0013248235
843.0 0.0012346425
844.0 0.0011765954
845.0 0.0010676561
846.0 0.0009823837
847.0 0.0009529327
848.0 0.0008591515
849.0 0.0007659097000000001
850.0 0.0007295922
851.0 0.0006826801
852.0 0.0006243004
853.0 0.0006023656
854.0 0.0006063894000000001
855.0 0.0006009257
856.0 0.000559035
857.0 0.0005794092
858.0 0.00054459
859.0 0.0005186833
860.0 0.00047453240000000003
861.0 0.0005189587
862.0 0.00047296590000000003
863.0 0.00039020520000000004
864.0 0.00033644670000000003
865.0 0.0003353551
866.0 0.0002997628
867.0 0.0002520054
868.0 0.0002743394
869.0 0.0002652534
870.0 0.0002181582
871.0 0.0002043874
872.0 0.0001837963
873.0 0.00020808370000000001
874.0 0.0001702671
875.0 0.0001411688
876.0 0.0002651171
877.0 0.0003257247
878.0 0.0004085056
879.0 0.0004366532
880.0 0.0005056356
881.0 0.0005217812
882.0 0.0004584497
883.0 0.0004101364
884.0 0.0003804816
885.0 0.0002936731
886.0 0.0002570031
887.0 0.0002661534
888.0 0.00022922520000000002
889.0 0.0002018582
890.0 0.0002202484
891.0 0.0001907182
892.0 0.0001459659
893.0 0.0001672343
894.0 0.00018486580000000001
895.0 0.00022257800000000002
896.0 0.0001596805
897.0 0.00014200010000000002
898.0 0.0001907946
899.0 0.0001942733
900.0 0.0001834169
901.0 0.0001698212
902.0 0.0001768116
903.0 0.00016887060000000002
904.0 9.680680000000001e-05
905.0 0.000123597
906.0 0.0001643174
907.0 0.0001480152
908.0 0.00014429000000000002
909.0 0.0001161138
910.0 8.45487e-05
911.0 0.0001438121
912.0 0.00013570460000000002
913.0 0.0001343147
914.0 0.00019413
915.0 0.0002775813
916.0 0.00030108850000000004
917.0 0.0002737726
918.0 0.0002986624
919.0 0.0004639053
920.0 0.0005181482
921.0 0.0004982131
922.0 0.0005373358000000001
923.0 0.000559723
924.0 0.0006998567
925.0 0.0007669961000000001
926.0 0.0008375697
927.0 0.0009755681
928.0 0.0010767116
929.0 0.0012073518
930.0 0.0014055989
931.0 0.0015919608
932.0 0.0019185562000000001
933.0 0.0022664899
934.0 0.0027348496
935.0 0.0033039367
936.0 0.0041816299
937.0 0.0052296216000000005
938.0 0.0068873447
939.0 0.0094646259
940.0 0.0135216117
941.0 0.0204898803
942.0 0.032842912
943.0 0.0551137504
944.0 0.0941840325
945.0 0.1505343552
946.0 0.20523434810000002
947.0 0.22892463600000001
948.0 0.20552669850000002
949.0 0.1450027944
950.0 0.0770949469
951.0 0.0308339896
952.0 0.0127105762
953.0 0.0091017749
954.0 0.0077190167
955.0 0.0062319464000000005
956.0 0.004932892
957.0 0.0039751624
958.0 0.003261486
959.0 0.0026836301000000003
960.0 0.0023114665
961.0 0.0019811343
962.0 0.0016704975000000001
963.0 0.0014532636
964.0 0.0012685574000000002
965.0 0.0011533725000000001
966.0 0.0010988897
967.0 0.0010251394000000001
968.0 0.0009487739000000001
969.0 0.0009307894
970.0 0.0009576350000000001
971.0 0.0009617652
972.0 0.0009096732
973.0 0.0009479105
974.0 0.0009674405
975.0 0.0009385123000000001
976.0 0.0010803779
977.0 0.001015281
978.0 0.0008552765
979.0 0.0008511056
980.0 0.0008076208
981.0 0.0006874942
982.0 0.0006090618
983.0 0.0005333670000000001
984.0 0.0005449652
985.0 0.0005943599
986.0 0.0006581182
987.0 0.0006497376
988.0 0.0006870756
989.0 0.000808908
990.0 0.0008928567
991.0 0.0010805765000000001
992.0 0.0013095421
993.0 0.0014195863000000001
994.0 0.0017524917000000001
995.0 0.0021114702
996.0 0.0026077533
997.0 0.0031534374
998.0 0.0045652825
999.0 0.0075601773
1000.0 0.012605374400000001
1001.0 0.021104862800000002
1002.0 0.0349593863
1003.0 0.052824478700000004
1004.0 0.0669089024
1005.0 0.0679602706
1006.0 0.053240087900000004
1007.0 0.0317077881
1008.0 0.014730897500000001
1009.0 0.0062920813
1010.0 0.0036745889
1011.0 0.0029913036
1012.0 0.0024973387000000002
1013.0 0.0020049616
1014.0 0.0015506595
1015.0 0.0012677509
1016.0 0.0010591856
1017.0 0.0009231368
1018.0 0.0007773016
1019.0 0.0007748021
1020.0 0.0007741301000000001
1021.0 0.0006893813
1022.0 0.000628898
1023.0 0.0006157529
1024.0 0.0006066656
1025.0 0.0006399857000000001
1026.0 0.0007063486000000001
1027.0 0.0007132001
1028.0 0.0006800933
1029.0 0.0006550431
1030.0 0.0007303297000000001
1031.0 0.0008484812000000001
1032.0 0.0008403979
1033.0 0.0009061632
1034.0 0.0010989211000000001
1035.0 0.0010974548
1036.0 0.0012518387000000001
1037.0 0.001290149
1038.0 0.0014509483
1039.0 0.0016994125000000001
1040.0 0.0018257458
1041.0 0.0021950793
1042.0 0.0024268793
1043.0 0.0027669257
1044.0 0.0033025195
1045.0 0.0038990507
1046.0 0.0046176878
1047.0 0.0054174041
1048.0 0.0064969082
1049.0 0.007695953100000001
1050.0 0.0087148839
1051.0 0.0094479587
1052.0 0.0109227807
1053.0 0.0170228494
1054.0 0.032371720300000004
1055.0 0.056366444800000005
1056.0 0.0835096735
1057.0 0.11455698660000001
1058.0 0.1529827285
1059.0 0.19198283300000002
1060.0 0.20243282640000002
1061.0 0.1530593198
1062.0 0.077412463
1063.0 0.0240741038
1064.0 0.0077730636
1065.0 0.008631774200000001
1066.0 0.010219669300000001
1067.0 0.0093290738
1068.0 0.0075739288
1069.0 0.0060406424
1070.0 0.0047990866
1071.0 0.0038694802000000003
1072.0 0.0032517405
1073.0 0.0028513873
1074.0 0.0025677885000000003
1075.0 0.0022685852
1076.0 0.0020240147
1077.0 0.0018348036
1078.0 0.0016459216
1079.0 0.0015161988000000001
1080.0 0.001485517
1081.0 0.0013322663
1082.0 0.0012298192000000001
1083.0 0.0011223131
1084.0 0.0010931097000000001
1085.0 0.0011170574
1086.0 0.0010380315
1087.0 0.0010279912
1088.0 0.0011686619
1089.0 0.0011877675000000001
1090.0 0.0012002092000000001
1091.0 0.0012482494
1092.0 0.0013177391
1093.0 0.001459914
1094.0 0.0016411047
1095.0 0.0018146872
1096.0 0.0020122299000000002
1097.0 0.0022217711
1098.0 0.0025012523
1099.0 0.002986859
1100.0 0.0034901306
1101.0 0.0041909024
1102.0 0.0049289951
1103.0 0.0058066116
1104.0 0.0068248754
1105.0 0.0092640684
1106.0 0.0167112992
1107.0 0.0298688093
1108.0 0.0465701019
1109.0 0.06667851450000001
1110.0 0.0896940019
1111.0 0.10675549720000001
1112.0 0.1003312476
1113.0 0.06737610100000001
1114.0 0.0298049401
1115.0 0.009065062300000001
1116.0 0.0048522887
1117.0 0.0056315258
1118.0 0.005438251000000001
1119.0 0.0043623008
1120.0 0.0033092716
1121.0 0.0024778047
1122.0 0.0019529565
1123.0 0.0016016626
1124.0 0.0013621722
1125.0 0.0011822979
1126.0 0.00095286
1127.0 0.0008818695
1128.0 0.0007727782000000001
1129.0 0.0006820683000000001
1130.0 0.0005536596000000001
1131.0 0.0005384565
1132.0 0.0005310957
1133.0 0.0004815633
1134.0 0.00044682260000000003
1135.0 0.00046576230000000004
1136.0 0.0004420524
1137.0 0.0004290499
1138.0 0.000469734
1139.0 0.0005273063000000001
1140.0 0.0005576705
1141.0 0.0005848883
1142.0 0.0007207804
1143.0 0.0007300178000000001
1144.0 0.0007326824
1145.0 0.0009057447
1146.0 0.0009079976
1147.0 0.0010452191
1148.0 0.0011899651000000001
1149.0 0.001397425
1150.0 0.0017702152
1151.0 0.0022627259
1152.0 0.0030510779
1153.0 0.0042280281000000005
1154.0 0.0061614838
1155.0 0.0097886362
1156.0 0.0168163832
1157.0 0.030722379100000002
1158.0 0.054765988700000004
1159.0 0.082573202
1160.0 0.0966495036
1161.0 0.0812554234
1162.0 0.050967237400000004
1163.0 0.028116564
1164.0 0.0162986183
1165.0 0.0094554873
1166.0 0.0059555936000000005
1167.0 0.0038415859
1168.0 0.0027209793
1169.0 0.0020184507
1170.0 0.0015688355000000001
1171.0 0.0013034347
1172.0 0.0010586399
1173.0 0.0009032765
1174.0 0.0008570244
1175.0 0.0007499208
1176.0 0.0006636824
1177.0 0.00061365
1178.0 0.0005137833000000001
1179.0 0.0004535432
1180.0 0.0004786985
1181.0 0.00047286900000000006
1182.0 0.0004705418
1183.0 0.00044732480000000003
1184.0 0.0004566975
1185.0 0.0005302063
1186.0 0.0005674975
1187.0 0.0005702249
1188.0 0.0005428866
1189.0 0.0005921866000000001
1190.0 0.0007070761
1191.0 0.0007803104
1192.0 0.0008408059
1193.0 0.0009388343
1194.0 0.0010744869
1195.0 0.0011126871
1196.0 0.0012927225
1197.0 0.0015085734
1198.0 0.0018311465
1199.0 0.0022365882
1200.0 0.0027392109
1201.0 0.0034238783
1202.0 0.0044643883
1203.0 0.0065997596
1204.0 0.010715853800000001
1205.0 0.0170639268
1206.0 0.024864142500000002
1207.0 0.031986532000000005
1208.0 0.0347870832
1209.0 0.0311488528
1210.0 0.0229711698
1211.0 0.0138090868
1212.0 0.0065510462000000005
1213.0 0.0027928917000000003
1214.0 0.0018468403
1215.0 0.0018417427
1216.0 0.0018360127000000002
1217.0 0.0016608152
1218.0 0.0015569499
1219.0 0.0013573306000000001
1220.0 0.0013417836
1221.0 0.0012876791
1222.0 0.0012845814
1223.0 0.0013284360000000001
1224.0 0.0013023957
1225.0 0.0013181377
1226.0 0.001397182
1227.0 0.0015123071
1228.0 0.0015822302
1229.0 0.0016115066
1230.0 0.0016686273
1231.0 0.0017563097
1232.0 0.0019181756
1233.0 0.0021861905
1234.0 0.0024559016
1235.0 0.0026450329
1236.0 0.0028304890000000003
1237.0 0.0032085256
1238.0 0.0037779595
1239.0 0.0042906489
1240.0 0.004980782400000001
1241.0 0.0058355647
1242.0 0.0070070582
1243.0 0.0085467146
1244.0 0.0106249295
1245.0 0.0134919283
1246.0 0.0174512637
1247.0 0.0234366815
1248.0 0.0327108709
1249.0 0.0498813426
1250.0 0.0819864482
1251.0 0.1326248005
1252.0 0.1950567067
1253.0 0.24720966300000002
1254.0 0.2557369295
1255.0 0.2087788068
1256.0 0.1320967736
1257.0 0.0649939654
1258.0 0.028037633000000003
1259.0 0.0157361034
1260.0 0.0130625092
1261.0 0.0112462667
1262.0 0.0091240414
1263.0 0.0074136884
1264.0 0.005955785000000001
1265.0 0.0050097303
1266.0 0.0041221518
1267.0 0.0036445628000000003
1268.0 0.0030663977
1269.0 0.0027067188
1270.0 0.0023797252
1271.0 0.0021471224
1272.0 0.0018738308
1273.0 0.0017125121
1274.0 0.0014767448000000002
1275.0 0.0013258667
1276.0 0.0011854736
1277.0 0.0010901021
1278.0 0.0009934334
1279.0 0.0008656502
1280.0 0.0008207979
1281.0 0.0007802583
1282.0 0.0006338945
1283.0 0.0005465514
1284.0 0.0005423342000000001
1285.0 0.00048372540000000004
1286.0 0.0004686067
1287.0 0.0004299702
1288.0 0.0003797908
1289.0 0.0003897247
1290.0 0.00035098430000000003
1291.0 0.0003576604
1292.0 0.00028976450000000003
1293.0 0.0004131648
1294.0 0.00030810610000000003
1295.0 0.0003228935
1296.0 0.0002721316
1297.0 0.0001833921
1298.0 0.0002267653
1299.0 0.00023051670000000002
1300.0 0.0002014394
1301.0 0.000202291
1302.0 0.00016661
1303.0 0.00022920890000000001
1304.0 0.0002475844
1305.0 0.0002015654
1306.0 0.0001710529
1307.0 0.0001213429
1308.0 0.0001640375
1309.0 0.0002255042
1310.0 0.0001657316
1311.0 0.000134098
1312.0 8.98705e-05
1313.0 0.0001768776
1314.0 0.00022256630000000002
1315.0 0.0002491117
1316.0 0.00019487170000000002
1317.0 0.0001223846
1318.0 0.0003239744
1319.0 0.000299769
1320.0 0.0003534088
1321.0 0.0004303872
1322.0 0.00041533840000000004
1323.0 0.0005812499
1324.0 0.0007148743
1325.0 0.0008810128000000001
1326.0 0.0009440481
1327.0 0.0010316888
1328.0 0.0010703835
1329.0 0.0009410723
1330.0 0.0007010323
1331.0 0.000501541
1332.0 0.0011945454000000001
1333.0 0.0033696585
1334.0 0.0064098182
1335.0 0.0091101243
1336.0 0.0112166855
1337.0 0.013792159600000001
1338.0 0.0171364338
1339.0 0.0218544008
1340.0 0.028136761700000002
1341.0 0.0338095114
1342.0 0.035171962200000004
1343.0 0.0294886748
1344.0 0.0175468823
1345.0 0.0053079174
1346.0 0.0
1347.0 0.0
1348.0 0.0003066239
1349.0 0.0016741707
1350.0 0.0019331378
1351.0 0.0016605414
1352.0 0.0014690561
1353.0 0.0011395139
1354.0 0.0009259569
1355.0 0.0008332727
1356.0 0.0007743019
1357.0 0.0007146865
1358.0 0.0007031321
1359.0 0.0006106384000000001
1360.0 0.0005156118
1361.0 0.0005314019
1362.0 0.0006015888000000001
1363.0 0.0006585978
1364.0 0.0006900559000000001
1365.0 0.0008077019000000001
1366.0 0.0009877312
1367.0 0.0010192839
1368.0 0.0011028081
1369.0 0.0013088737000000001
1370.0 0.0015017138
1371.0 0.0015217011000000001
1372.0 0.0015635116
1373.0 0.0017157418
1374.0 0.0027504118
1375.0 0.0050206208
1376.0 0.008265583200000001
1377.0 0.0119533934
1378.0 0.016625532800000002
1379.0 0.0235657062
1380.0 0.0336830568
1381.0 0.044485532800000005
1382.0 0.0498236175
1383.0 0.0447663016
1384.0 0.032315100900000004
1385.0 0.0190386686
1386.0 0.0088740524
1387.0 0.0030404797000000003
1388.0 0.0011873876
1389.0 0.0015096176
1390.0 0.0020587147
1391.0 0.0021605566
1392.0 0.0019967323
1393.0 0.0017726039
1394.0 0.001570088
1395.0 0.0013722458
1396.0 0.0012934663
1397.0 0.0012597887
1398.0 0.0012708919
1399.0 0.0013289903
1400.0 0.0013127433
1401.0 0.0014558116
1402.0 0.0015657752
1403.0 0.0018361887000000001
1404.0 0.0019988556
1405.0 0.0023570566
1406.0 0.0026471794
1407.0 0.0028435293
1408.0 0.0033929164000000003
1409.0 0.0038568502000000003
1410.0 0.0043606516
1411.0 0.0047789597
1412.0 0.0050310458
1413.0 0.0053148109
1414.0 0.0070076368000000005
1415.0 0.0118792406
1416.0 0.0203563736
1417.0 0.030998139100000002
1418.0 0.0427686772
1419.0 0.056672879
1420.0 0.0740129829
1421.0 0.09369486240000001
1422.0 0.1106209623
1423.0 0.11588531240000001
1424.0 0.10185425590000001
1425.0 0.0700382703
1426.0 0.0327157953
1427.0 0.0067438375000000005
1428.0 0.0
1429.0 0.0015259342000000001
1430.0 0.00489211
1431.0 0.0057868811
1432.0 0.0052624954
1433.0 0.0044104625
1434.0 0.0036543189
1435.0 0.0031610898
1436.0 0.0026962953
1437.0 0.0023629765
1438.0 0.0020059963
1439.0 0.0018198252
1440.0 0.0017571239
1441.0 0.0016378445
1442.0 0.0015591945
1443.0 0.0015469627
1444.0 0.0014186761
1445.0 0.0013652424000000002
1446.0 0.001453815
1447.0 0.0015386608000000001
1448.0 0.0016606824
1449.0 0.0017904973000000002
1450.0 0.0020469198
1451.0 0.0024009613
1452.0 0.0027768062000000002
1453.0 0.0035585452000000003
1454.0 0.0047912596
1455.0 0.006722325800000001
1456.0 0.0098020128
1457.0 0.014528508800000001
1458.0 0.0217708193
1459.0 0.0306323251
1460.0 0.0384383888
1461.0 0.042067238
1462.0 0.0399141323
1463.0 0.032547157300000004
1464.0 0.0222437625
1465.0 0.0117906712
1466.0 0.0047331326
1467.0 0.0020912397
1468.0 0.0018220426
1469.0 0.0019290217
1470.0 0.0019387898
1471.0 0.0018685181
1472.0 0.0017116513000000001
1473.0 0.0015942971
1474.0 0.0014579812
1475.0 0.0014086267
1476.0 0.0015183077
1477.0 0.0014844994000000002
1478.0 0.0015470066
1479.0 0.0017060598
1480.0 0.0018436654000000001
1481.0 0.0019996456
1482.0 0.0021904397
1483.0 0.0024765415000000002
1484.0 0.0027805259
1485.0 0.0031021875
1486.0 0.0035824341000000003
1487.0 0.0041028511
1488.0 0.0046612705
1489.0 0.005241647
1490.0 0.0055410753
1491.0 0.0059490273000000005
1492.0 0.007929723500000001
1493.0 0.0134808531
1494.0 0.0230375606
1495.0 0.034256065100000004
1496.0 0.0459030003
1497.0 0.0600019646
1498.0 0.0787757655
1499.0 0.09715848170000001
1500.0 0.1027223721
1501.0 0.0876982832
1502.0 0.060323845300000005
1503.0 0.032653998600000005
1504.0 0.0125128718
1505.0 0.0029585676000000003
1506.0 0.0017746181
1507.0 0.0035102075
1508.0 0.0046170999
1509.0 0.004483031
1510.0 0.0039227776
1511.0 0.0033203759000000003
1512.0 0.0028478791000000002
1513.0 0.0024493087
1514.0 0.0021537920000000003
1515.0 0.0019640390000000003
1516.0 0.0018013225000000001
1517.0 0.0017046548000000002
1518.0 0.0015588996
1519.0 0.0015080682
1520.0 0.0015372393
1521.0 0.0014924809000000001
1522.0 0.0015392301
1523.0 0.0017057617
1524.0 0.0018578719
1525.0 0.0020124383
1526.0 0.0022203197
1527.0 0.0023431610000000003
1528.0 0.0025193756
1529.0 0.0028253355
1530.0 0.0041653333
1531.0 0.0069981996
1532.0 0.0110879993
1533.0 0.015414401500000001
1534.0 0.0204706438
1535.0 0.0268937234
1536.0 0.0335339112
1537.0 0.0364748668
1538.0 0.0319867416
1539.0 0.0217490941
1540.0 0.0108406265
1541.0 0.0036378804
1542.0 0.0009527025
1543.0 0.0010120106
1544.0 0.0016533189
1545.0 0.0019481386
1546.0 0.0017687734
1547.0 0.0014546855
1548.0 0.0012224239000000001
1549.0 0.001091801
1550.0 0.0010603723
1551.0 0.0009620436000000001
1552.0 0.0008828406000000001
1553.0 0.0009119674
1554.0 0.0008300986
1555.0 0.0008170553
1556.0 0.0009186964
1557.0 0.0010696016
1558.0 0.0011483485
1559.0 0.0012590069
1560.0 0.0014269364
1561.0 0.0016830430000000002
1562.0 0.002229834
1563.0 0.0026954139
1564.0 0.0035683034000000002
1565.0 0.0046343535000000005
1566.0 0.0064870674
1567.0 0.0093636931
1568.0 0.014651721500000001
1569.0 0.0234060141
1570.0 0.0367266076
1571.0 0.052145489100000005
1572.0 0.0624455882
1573.0 0.0610847413
1574.0 0.048018831000000005
1575.0 0.0301223343
1576.0 0.0164983453
1577.0 0.0093226518
1578.0 0.0061577527000000005
1579.0 0.0045595537
1580.0 0.0034020453
1581.0 0.0026249961
1582.0 0.0020934195
1583.0 0.0017260708
1584.0 0.0014892977000000001
1585.0 0.0012112902000000001
1586.0 0.0010081965
1587.0 0.0009141644
1588.0 0.0008314186
1589.0 0.0007791129000000001
1590.0 0.0006761720000000001
1591.0 0.0006204396000000001
1592.0 0.0005903074
1593.0 0.0004625809
1594.0 0.00044219400000000003
1595.0 0.0004957878
1596.0 0.0003762636
1597.0 0.0003172455
1598.0 0.0003144075
1599.0 0.0004582127
1600.0 0.00046328630000000003
1601.0 0.0002949978
1602.0 0.00036692070000000004
1603.0 0.00028900970000000003
1604.0 0.0003705305
1605.0 0.00043149350000000003
1606.0 0.0003248406
1607.0 0.0004155475
1608.0 0.0002965883
1609.0 0.00041559670000000003
1610.0 0.0003093727
1611.0 0.0004209369
1612.0 0.0003810727
1613.0 0.00042582030000000003
1614.0 0.0004245865
1615.0 0.0004678168
1616.0 0.0004974316
1617.0 0.0004543603
1618.0 0.0005393862000000001
1619.0 0.0007018967
1620.0 0.0007126453
1621.0 0.0007871326
1622.0 0.0009203828
1623.0 0.0009969071
1624.0 0.0010847988
1625.0 0.0011948969
1626.0 0.0013540331
1627.0 0.0016337107
1628.0 0.0019124019
1629.0 0.0021151368
1630.0 0.0024512129000000002
1631.0 0.0029985338
1632.0 0.0035565753000000003
1633.0 0.0041845734
1634.0 0.0051561068
1635.0 0.0062132178
1636.0 0.007718163300000001
1637.0 0.0106726352
1638.0 0.0165251359
1639.0 0.0258548389
1640.0 0.0380574302
1641.0 0.0527788997
1642.0 0.0693291489
1643.0 0.08244815600000001
1644.0 0.0805709964
1645.0 0.0578412373
1646.0 0.0276951779
1647.0 0.008315985500000001
1648.0 0.0030894806
1649.0 0.0042414037
1650.0 0.0054250215
1651.0 0.0051542538
1652.0 0.0043084434000000005
1653.0 0.0035247287
1654.0 0.0029601487
1655.0 0.0025759579
1656.0 0.0022193046000000003
1657.0 0.0020205467
1658.0 0.0018815718000000001
1659.0 0.0017606845000000002
1660.0 0.0016647376
1661.0 0.001538824
1662.0 0.0015717458
1663.0 0.0015576238
1664.0 0.0016281563
1665.0 0.0016110598
1666.0 0.0016764225
1667.0 0.0019414102
1668.0 0.0023451069
1669.0 0.0028027175000000003
1670.0 0.0033177269000000003
1671.0 0.0040480603000000006
1672.0 0.0051594834000000004
1673.0 0.0069233788
1674.0 0.009369233000000001
1675.0 0.012039538300000001
1676.0 0.014251859700000001
1677.0 0.015370096500000001
1678.0 0.014949289800000001
1679.0 0.0133193061
1680.0 0.0108496029
1681.0 0.0077016968
1682.0 0.0045223475
1683.0 0.0021415147
1684.0 0.0012662747
1685.0 0.0013420193
1686.0 0.0018172087
1687.0 0.0022642783
1688.0 0.0025332953
1689.0 0.0026729069
1690.0 0.0027524665
1691.0 0.0029223493
1692.0 0.0030980278
1693.0 0.0032746511
1694.0 0.0036755277000000003
1695.0 0.0040363171
1696.0 0.0042628052
1697.0 0.0044787888
1698.0 0.0045813352
1699.0 0.0048495222
1700.0 0.0060061808
1701.0 0.0087708972
1702.0 0.0130175871
1703.0 0.0183880739
1704.0 0.0241467725
1705.0 0.0313975291
1706.0 0.0420111868
1707.0 0.0572159976
1708.0 0.07676698280000001
1709.0 0.0971003123
1710.0 0.11176964290000001
1711.0 0.1153230412
1712.0 0.1064384656
1713.0 0.08719035280000001
1714.0 0.0605434922
1715.0 0.032154420600000004
1716.0 0.010573946400000001
1717.0 0.0005570368000000001
1718.0 0.0
1719.0 0.0025074129
1720.0 0.0047959859
1721.0 0.0056972132000000005
1722.0 0.0056009395
1723.0 0.005084413800000001
1724.0 0.0044819309
1725.0 0.0038643537000000003
1726.0 0.0034553341
1727.0 0.0033057177
1728.0 0.0030865529
1729.0 0.0028443867
1730.0 0.0026094913
1731.0 0.0022981221
1732.0 0.0019556108000000003
1733.0 0.0020160127
1734.0 0.0027255245
1735.0 0.0043098551
1736.0 0.0062094642000000005
1737.0 0.0080130451
1738.0 0.009606892
1739.0 0.011544860300000001
1740.0 0.0145539498
1741.0 0.019081944700000002
1742.0 0.0242364069
1743.0 0.027849300100000002
1744.0 0.028319172700000003
1745.0 0.025633554700000002
1746.0 0.0206221782
1747.0 0.013430249200000001
1748.0 0.00595081
1749.0 0.0007483727
1750.0 0.0
1751.0 0.0
1752.0 0.0006268737
1753.0 0.0014052422
1754.0 0.0016350582
1755.0 0.0015709199000000001
1756.0 0.0012466257000000001
1757.0 0.0009589249000000001
1758.0 0.0009026803
1759.0 0.0008687618000000001
1760.0 0.0007083655
1761.0 0.0006489728
1762.0 0.0005388046
1763.0 0.0004549895
1764.0 0.0004440689
1765.0 0.00037157360000000003
1766.0 0.0003084531
1767.0 0.0002117722
1768.0 0.00020936470000000002
1769.0 0.0002354636
1770.0 0.0002089698
1771.0 0.00019561640000000002
1772.0 0.0002354109
1773.0 0.0002950504
1774.0 0.000229687
1775.0 0.0001677402
1776.0 0.000226278
1777.0 0.00018165610000000002
1778.0 0.00013335310000000002
1779.0 0.00020879590000000002
1780.0 0.00021465900000000002
1781.0 0.00017297620000000002
1782.0 0.00023657620000000002
1783.0 0.0003753605
1784.0 0.00033125710000000004
1785.0 0.00037628140000000004
1786.0 0.00042528680000000004
1787.0 0.0005120057
1788.0 0.0005098916
1789.0 0.0005598241
1790.0 0.000638586
1791.0 0.0007105018
1792.0 0.0008958662
1793.0 0.0009600292
1794.0 0.0011944407
1795.0 0.0013012263
1796.0 0.0014195091
1797.0 0.0016236335000000001
1798.0 0.002224144
1799.0 0.0032790922
1800.0 0.0046822423
1801.0 0.006627043
1802.0 0.0088579333
1803.0 0.012108512
1804.0 0.0168792206
1805.0 0.0228469882
1806.0 0.0285259328
1807.0 0.031181282
1808.0 0.0288844703
1809.0 0.0221922134
1810.0 0.0142934418
1811.0 0.007684864600000001
1812.0 0.0035455189
1813.0 0.0017803394
1814.0 0.0015402032
1815.0 0.0016463467000000002
1816.0 0.0020890182000000003
1817.0 0.0022980061
1818.0 0.0024280292
1819.0 0.0023333473
1820.0 0.002374843
1821.0 0.0025075883
1822.0 0.0025774917
1823.0 0.0027749767
1824.0 0.0030068687
1825.0 0.0030035785
1826.0 0.0027893818
1827.0 0.0024407483
1828.0 0.0023203145
1829.0 0.003405136
1830.0 0.0065393466
1831.0 0.011414757400000001
1832.0 0.0165751862
1833.0 0.021103896100000002
1834.0 0.0252039986
1835.0 0.0303313574
1836.0 0.038127291300000005
1837.0 0.0485459314
1838.0 0.0584999983
1839.0 0.0628638465
1840.0 0.057377418300000003
1841.0 0.0424323467
1842.0 0.023409571400000002
1843.0 0.007336972200000001
1844.0 0.0
1845.0 0.0
1846.0 0.0
1847.0 0.0021599655
1848.0 0.0033911209
1849.0 0.0034186918
1850.0 0.0029181605
1851.0 0.0023223043
1852.0 0.0019534899
1853.0 0.0016491972
1854.0 0.0013709892
1855.0 0.001175587
1856.0 0.001025263
1857.0 0.0008965588
1858.0 0.0008211474000000001
1859.0 0.0007008781
1860.0 0.0006100473000000001
1861.0 0.0006576406
1862.0 0.0005671151
1863.0 0.0004406001
1864.0 0.0003340814
1865.0 0.00041497990000000003
1866.0 0.00031823100000000004
1867.0 0.0003199146
1868.0 0.0002372404
1869.0 0.0001738413
1870.0 0.0001924646
1871.0 0.00023251940000000002
1872.0 0.00014098840000000001
1873.0 0.0002096304
1874.0 0.00016331790000000002
1875.0 0.00028574540000000004
1876.0 0.0003029088
1877.0 0.00028656440000000003
1878.0 0.0003519431
1879.0 0.00024757530000000004
1880.0 0.00041000250000000003
1881.0 0.0003095418
1882.0 0.00030816940000000004
1883.0 0.0004990139000000001
1884.0 0.0006704555
1885.0 0.0007357308
1886.0 0.0009292255000000001
1887.0 0.0011487459
1888.0 0.0012952071
1889.0 0.0016792283000000002
1890.0 0.0022905978
1891.0 0.0026134279
1892.0 0.0038353122
1893.0 0.0051586306
1894.0 0.007355880600000001
1895.0 0.01003893
1896.0 0.01323673
1897.0 0.0158006368
1898.0 0.017234351800000002
1899.0 0.017197584800000002
1900.0 0.0158065513
1901.0 0.0139122967
1902.0 0.011571048700000001
1903.0 0.0082709802
1904.0 0.0047068732
1905.0 0.0017419331
1906.0 4.35188e-05
1907.0 0.0
1908.0 0.0004613417
1909.0 0.0007023344
1910.0 0.0009230096
1911.0 0.0010709051
1912.0 0.0009712339
1913.0 0.0009403315
1914.0 0.0009857517
1915.0 0.0010393015
1916.0 0.0011588006
1917.0 0.0012194690000000002
1918.0 0.0013177879
1919.0 0.0015277021
1920.0 0.0017986472
1921.0 0.0025407388
1922.0 0.0036027038000000003
1923.0 0.0050954730000000005
1924.0 0.006708270200000001
1925.0 0.0085673328
1926.0 0.010773936900000001
1927.0 0.0129233449
1928.0 0.014652347500000001
1929.0 0.0150791797
1930.0 0.013765157
1931.0 0.0106110869
1932.0 0.006791994700000001
1933.0 0.0033924749000000002
1934.0 0.0013166639000000001
1935.0 0.0007835836
1936.0 0.0010285272
1937.0 0.0013935080000000001
1938.0 0.0016622310000000001
1939.0 0.0017312525000000001
1940.0 0.0017400154
1941.0 0.0019756666000000003
1942.0 0.0021755812000000003
1943.0 0.0022938435
1944.0 0.0025200904
1945.0 0.0027091337
1946.0 0.0029726746
1947.0 0.0033833996000000002
1948.0 0.0039442619
1949.0 0.0049186285
1950.0 0.0066831653
1951.0 0.0095909473
1952.0 0.013780831200000001
1953.0 0.0193618807
1954.0 0.0266863759
1955.0 0.0360669021
1956.0 0.0459375236
1957.0 0.051695588
1958.0 0.0488350356
1959.0 0.0382152081
1960.0 0.0259323905
1961.0 0.0170494367
1962.0 0.0116870746
1963.0 0.0076854235
1964.0 0.0046516098
1965.0 0.0030198215
1966.0 0.0026639272
1967.0 0.0026987106
1968.0 0.0028141525
1969.0 0.0029354456000000003
1970.0 0.0028496222
1971.0 0.0026652739
1972.0 0.0026094905
1973.0 0.002709237
1974.0 0.0027987158
1975.0 0.002893641
1976.0 0.0028955056000000002
1977.0 0.0030240645
1978.0 0.003453729
1979.0 0.0046743786
1980.0 0.0066897751
1981.0 0.0092580892
1982.0 0.0121532431
1983.0 0.015389736400000001
1984.0 0.019385279000000002
1985.0 0.023767662000000002
1986.0 0.026669867000000003
1987.0 0.0263699388
1988.0 0.022575161200000003
1989.0 0.017019669600000002
1990.0 0.011525472200000001
1991.0 0.0068588108
1992.0 0.0032792871
1993.0 0.0013758884
1994.0 0.0011902209
1995.0 0.0017586946
1996.0 0.0022645681000000003
1997.0 0.002458567
1998.0 0.0023114665
1999.0 0.0022699939
2000.0 0.0022721748
2001.0 0.0023033614
2002.0 0.0024619555
2003.0 0.0030529391
2004.0 0.0038612047000000003
2005.0 0.0047522449
2006.0 0.005992829000000001
2007.0 0.0072927884
2008.0 0.009077772900000001
2009.0 0.0118818935
2010.0 0.0158528699
2011.0 0.021288120900000002
2012.0 0.027432866
2013.0 0.0331344378
2014.0 0.03667433
2015.0 0.0373361046
2016.0 0.0342966959
2017.0 0.028205047100000002
2018.0 0.0204921575
2019.0 0.0126946364
2020.0 0.0064983032000000005
2021.0 0.0029055851
2022.0 0.0013906892000000001
2023.0 0.001151321
2024.0 0.0014089385000000002
2025.0 0.0018141002
2026.0 0.0020768595
2027.0 0.0020196923
2028.0 0.0018842346
2029.0 0.001677534
2030.0 0.0015637897000000001
2031.0 0.0017577761
2032.0 0.0019966736000000002
2033.0 0.0021566656
2034.0 0.0025347483
2035.0 0.0027365839
2036.0 0.0028745867
2037.0 0.0030272259
2038.0 0.0032767703
2039.0 0.0034341629
2040.0 0.0039387538
2041.0 0.0044728419
2042.0 0.0053301128
2043.0 0.0061278022
2044.0 0.0066494739
2045.0 0.0065399676
2046.0 0.0058813749
2047.0 0.0046189845
2048.0 0.0031211478
2049.0 0.0018416936000000001
2050.0 0.0012717468
2051.0 0.0012859309
2052.0 0.0017707346000000001
2053.0 0.0020574068
2054.0 0.0023743923
2055.0 0.0025713850000000003
2056.0 0.0025032095
2057.0 0.0026466033
2058.0 0.0032027496
2059.0 0.0041800603
2060.0 0.0055770982
2061.0 0.0071856621
2062.0 0.008811518
2063.0 0.010961902400000001
2064.0 0.0141563978
2065.0 0.0185281014
2066.0 0.023934936900000002
2067.0 0.0306546933
2068.0 0.038959484100000004
2069.0 0.0484875016
2070.0 0.0564352282
2071.0 0.0583677427
2072.0 0.0516662763
2073.0 0.039052894500000004
2074.0 0.0246060635
2075.0 0.0123872132
2076.0 0.0041764844
2077.0 0.0003480598
2078.0 0.0
2079.0 0.0009875935
2080.0 0.0021521719
2081.0 0.0029952979
2082.0 0.0033292707000000003
2083.0 0.0031637197
2084.0 0.0027808877
2085.0 0.0024241836
2086.0 0.0021902040000000003
2087.0 0.0019360319
2088.0 0.0017469640000000002
2089.0 0.0015224788000000001
2090.0 0.0014412163
2091.0 0.0014724926000000001
2092.0 0.0013676873000000001
2093.0 0.001243627
2094.0 0.001110033
2095.0 0.0011610772
2096.0 0.0011637533000000001
2097.0 0.0011008775
2098.0 0.0010845395
2099.0 0.001115719
2100.0 0.0012155651
2101.0 0.0011592804
2102.0 0.0011896511
2103.0 0.0012123926
2104.0 0.0013171102
2105.0 0.0013393354
2106.0 0.0014067844
2107.0 0.0013416941
2108.0 0.0013460668
2109.0 0.0013023217
2110.0 0.0010572065
2111.0 0.0008055533000000001
2112.0 0.0008369284
2113.0 0.0013492386
2114.0 0.0023488809
2115.0 0.0038316313
2116.0 0.005527790800000001
2117.0 0.0067699153
2118.0 0.0076540184
2119.0 0.0085478762
2120.0 0.0095256892
2121.0 0.0109786511
2122.0 0.0134767381
2123.0 0.0167535855
2124.0 0.020658078700000002
2125.0 0.02366727
2126.0 0.0243634387
2127.0 0.0222476121
2128.0 0.0173415705
2129.0 0.010887718900000001
2130.0 0.0047988846
2131.0 0.0003778661
2132.0 0.0
2133.0 0.0
2134.0 0.0003351935
2135.0 0.0014639483
2136.0 0.0023045609
2137.0 0.0025793693000000003
2138.0 0.0024001807000000003
2139.0 0.0022613674
2140.0 0.0024266543
2141.0 0.0029554686
2142.0 0.0037355622
2143.0 0.0046101096000000005
2144.0 0.0054359134
2145.0 0.006500914500000001
2146.0 0.0079554326
2147.0 0.0099670229
2148.0 0.0125927733
2149.0 0.0153001744
2150.0 0.0174060782
2151.0 0.0182979233
2152.0 0.0176416202
2153.0 0.015585753800000001
2154.0 0.0126469945
2155.0 0.009145702300000001
2156.0 0.0056181830000000006
2157.0 0.002802787
2158.0 0.0011928225
2159.0 0.0007273505
2160.0 0.0011462753
2161.0 0.0017397623
2162.0 0.0022530884
2163.0 0.0025736891
2164.0 0.0028028816
2165.0 0.0029697028
2166.0 0.0032532950000000002
2167.0 0.0037224534000000003
2168.0 0.004285562000000001
2169.0 0.004961116000000001
2170.0 0.006035551
2171.0 0.007901852000000001
2172.0 0.0107537641
2173.0 0.014808107800000001
2174.0 0.019602155700000002
2175.0 0.0239733408
2176.0 0.0267275428
2177.0 0.027340766000000002
2178.0 0.0257234616
2179.0 0.0229576176
2180.0 0.0197954563
2181.0 0.0158469172
2182.0 0.011094456800000001
2183.0 0.0062461188
2184.0 0.0027036822000000003
2185.0 0.0008332915000000001
2186.0 0.00047446040000000004
2187.0 0.0010203513
2188.0 0.0013912658
2189.0 0.0015132095000000001
2190.0 0.0016586336
2191.0 0.0016728642
2192.0 0.0017752667
2193.0 0.0016963077
2194.0 0.0019319197
2195.0 0.0018825409000000001
2196.0 0.0020694751
2197.0 0.0025277929
2198.0 0.0034118007000000002
2199.0 0.0044727371000000005
2200.0 0.0059118957
2201.0 0.0076609661
2202.0 0.0095627021
2203.0 0.010577596100000001
2204.0 0.010063133600000001
2205.0 0.007636225900000001
2206.0 0.0042686385000000006
2207.0 0.0019192398000000002
2208.0 0.0011856699
2209.0 0.0012823551
2210.0 0.0013558949000000002
2211.0 0.0016263432
2212.0 0.0015483073
2213.0 0.0014028626000000002
2214.0 0.0014480670000000001
2215.0 0.0012385798000000001
2216.0 0.0009707822000000001
2217.0 0.0008888192000000001
2218.0 0.0011884817000000002
2219.0 0.0018048895
2220.0 0.0027861624
2221.0 0.0043952878
2222.0 0.0056645943
2223.0 0.0067782835
2224.0 0.0077384419
2225.0 0.008878699700000001
2226.0 0.0105163939
2227.0 0.0133110361
2228.0 0.0165836974
2229.0 0.0196969336
2230.0 0.0212717459
2231.0 0.0200052165
2232.0 0.0156756852
2233.0 0.0093737891
2234.0 0.0034900641000000002
2235.0 0.0
2236.0 0.0
2237.0 0.0
2238.0 0.0004360127
2239.0 0.001372874
2240.0 0.001843601
2241.0 0.0019997774
2242.0 0.0019258413
2243.0 0.0018367861
2244.0 0.0019238417000000002
2245.0 0.0021597632
2246.0 0.0025735487
2247.0 0.0031694176
2248.0 0.0038408322000000003
2249.0 0.0047119236
2250.0 0.0059656371
2251.0 0.0076053646
2252.0 0.0094074564
2253.0 0.0107932692
2254.0 0.0116000452
2255.0 0.0112745226
2256.0 0.0098567738
2257.0 0.0078568519
2258.0 0.0057617501
2259.0 0.0037538030000000004
2260.0 0.0022239445
2261.0 0.0014196843000000002
2262.0 0.0011268097000000001
2263.0 0.0011687509
2264.0 0.0014718617000000001
2265.0 0.0014961427
2266.0 0.0014290680000000001
2267.0 0.0012235264
2268.0 0.0012481196
2269.0 0.0015176996000000002
2270.0 0.0024399959000000002
2271.0 0.004027106
2272.0 0.0058435887
2273.0 0.0076070320000000006
2274.0 0.009057081
2275.0 0.0105168182
2276.0 0.0124257419
2277.0 0.0154161044
2278.0 0.0194205886
2279.0 0.0231329522
2280.0 0.024996154000000003
2281.0 0.0234138644
2282.0 0.0189562543
2283.0 0.013277829000000001
2284.0 0.0076254332
2285.0 0.0032942706
2286.0 0.00033777380000000004
2287.0 0.0
2288.0 0.0
2289.0 0.0
2290.0 0.0008309817000000001
2291.0 0.0011971945000000001
2292.0 0.0012240152
2293.0 0.0012010845
2294.0 0.0008524950000000001
2295.0 0.0007532748
2296.0 0.0005946524
2297.0 0.00045584040000000003
2298.0 0.0005101582
2299.0 0.00039801610000000004
2300.0 0.000323136
2301.0 0.0003505711
2302.0 0.0002958521
2303.0 0.00024216530000000002
2304.0 0.0001633868
2305.0 0.0001259523
2306.0 8.5275e-05
2307.0 0.0001136417
2308.0 0.0001514009
2309.0 0.0001607727
2310.0 8.71823e-05
2311.0 7.754950000000001e-05
2312.0 0.0002488511
2313.0 0.00028269330000000003
2314.0 0.00020460600000000003
2315.0 0.0002376712
2316.0 0.0003241391
2317.0 0.00039359999999999997
2318.0 0.0003938621
2319.0 0.00047425850000000003
2320.0 0.0006536619
2321.0 0.0008724286000000001
2322.0 0.0011951998000000001
2323.0 0.0016539073000000001
2324.0 0.0024832818
2325.0 0.0037767246
2326.0 0.0052801766
2327.0 0.0064908949
2328.0 0.0068809267000000006
2329.0 0.0059025602
2330.0 0.0039376649
2331.0 0.0022556384
2332.0 0.0016311320000000002
2333.0 0.0015363391
2334.0 0.0013104091
2335.0 0.0010755282000000001
2336.0 0.0010739477
2337.0 0.000731924
2338.0 0.0008712295
2339.0 0.0008723834
2340.0 0.0009553343000000001
2341.0 0.0008005581000000001
2342.0 0.0008845625
2343.0 0.0010977187
2344.0 0.0012686687
2345.0 0.0015276378000000001
2346.0 0.002353079
2347.0 0.0027363948
2348.0 0.0033195377000000002
2349.0 0.0038604846
2350.0 0.0046401594
2351.0 0.0055152327
2352.0 0.0068137627
2353.0 0.0078765932
2354.0 0.0081490595
2355.0 0.0077143166
2356.0 0.0062844499
2357.0 0.0043259418
2358.0 0.0025962188000000002
2359.0 0.0014886293
2360.0 0.0009711931
2361.0 0.0007991196
2362.0 0.0010335884000000001
2363.0 0.001648478
2364.0 0.002563414
2365.0 0.0034124176000000003
2366.0 0.0042941601000000005
2367.0 0.0052719931000000005
2368.0 0.0061393061
2369.0 0.0072421957000000006
2370.0 0.0085903644
2371.0 0.0104997037
2372.0 0.0131571427
2373.0 0.016847938
2374.0 0.0217818128
2375.0 0.0274471732
2376.0 0.0323228944
2377.0 0.0344372177
2378.0 0.033037924
2379.0 0.0282872004
2380.0 0.0223800946
2381.0 0.0168197863
2382.0 0.012205487000000001
2383.0 0.0084460507
2384.0 0.004672202800000001
2385.0 0.0021818563
2386.0 0.0008655019000000001
2387.0 0.00036275500000000003
2388.0 0.0011953704
2389.0 0.0019789390000000003
2390.0 0.0029413434
2391.0 0.0036153788
2392.0 0.0039428985
2393.0 0.0041931612
2394.0 0.0043375308
2395.0 0.004930075
2396.0 0.0056417985000000006
2397.0 0.0063071975
2398.0 0.0072839202
2399.0 0.0082858819
2400.0 0.0093219071
2401.0 0.0099746188
2402.0 0.010316291600000001
2403.0 0.0102096454
2404.0 0.0096684817
2405.0 0.008462368000000001
2406.0 0.0066444208
2407.0 0.0043291377
2408.0 0.0022774641
2409.0 0.0008519847
2410.0 0.0003477466
2411.0 0.00047950600000000004
2412.0 0.0010610048
2413.0 0.0016401555
2414.0 0.0020092758
2415.0 0.0022141356
2416.0 0.0027289545
2417.0 0.0032202368000000003
2418.0 0.0043015996
2419.0 0.0054089586
2420.0 0.0065750284
2421.0 0.0079715501
2422.0 0.009874260900000001
2423.0 0.011583085
2424.0 0.012916690100000001
2425.0 0.0129017833
2426.0 0.0116568147
2427.0 0.0100551465
2428.0 0.0086171462
2429.0 0.0070496325
2430.0 0.0054543643
2431.0 0.0036698919
2432.0 0.0021451369
2433.0 0.0009803647
2434.0 0.0006491288000000001
2435.0 0.0009033425000000001
2436.0 0.0014666715
2437.0 0.0019664885
2438.0 0.0021859207000000003
2439.0 0.0024959639000000002
2440.0 0.0027167946
2441.0 0.0031115914
2442.0 0.0037902686
2443.0 0.0042969649
2444.0 0.0049411333
2445.0 0.005867046900000001
2446.0 0.0068435696
2447.0 0.007821819800000001
2448.0 0.0083937124
2449.0 0.0083388054
2450.0 0.0078247942
2451.0 0.0069337292000000005
2452.0 0.0060672928000000004
2453.0 0.0047839115
2454.0 0.0032836256000000003
2455.0 0.0019831044
2456.0 0.0010068063
2457.0 0.0008361328
2458.0 0.0010816791000000001
2459.0 0.0022915487000000003
2460.0 0.0035611939
2461.0 0.0050833465000000005
2462.0 0.006426011200000001
2463.0 0.0076979684000000005
2464.0 0.009062015100000001
2465.0 0.0106835589
2466.0 0.012515487300000001
2467.0 0.0149698008
2468.0 0.0180650695
2469.0 0.021832415100000002
2470.0 0.0258252238
2471.0 0.0296526182
2472.0 0.0318378994
2473.0 0.0312409958
2474.0 0.0275273398
2475.0 0.0215747906
2476.0 0.0145242918
2477.0 0.0075710962
2478.0 0.0024466946
2479.0 0.0
2480.0 0.0
2481.0 0.0
2482.0 0.00042468320000000004
2483.0 0.0015233502
2484.0 0.0020827246
2485.0 0.0023151912
2486.0 0.0023823141
2487.0 0.0022064818
2488.0 0.0019982298
2489.0 0.00183498
2490.0 0.0018005638
2491.0 0.0015549472
2492.0 0.0017283420000000001
2493.0 0.0014749144
2494.0 0.0013483523
2495.0 0.0015618491
2496.0 0.0015379146
2497.0 0.0013797145000000002
2498.0 0.0014137004
2499.0 0.0014503263000000001
2500.0 0.0014529970000000001
2501.0 0.0015369646
2502.0 0.0015141477
2503.0 0.0015982674000000001
2504.0 0.0017500922
2505.0 0.0020234821
2506.0 0.0021991125
2507.0 0.0023447636
2508.0 0.0028262459
2509.0 0.0036293986
2510.0 0.0050267285
2511.0 0.0068060779000000005
2512.0 0.008962167
2513.0 0.0116046744
2514.0 0.0147866461
2515.0 0.0183207188
2516.0 0.021448219100000002
2517.0 0.0226667922
2518.0 0.0215430593
2519.0 0.0185526739
2520.0 0.0143363113
2521.0 0.0103649558
2522.0 0.0066354899
2523.0 0.0034422311
2524.0 0.0012187666
2525.0 0.0005054012
2526.0 0.0007122764
2527.0 0.001170178
2528.0 0.0018314694
2529.0 0.0019809537
2530.0 0.0020685609
2531.0 0.0022749552
2532.0 0.0022311874
2533.0 0.0022716492000000002
2534.0 0.0024814323
2535.0 0.0029595088000000003
2536.0 0.0034361723
2537.0 0.0040932542
2538.0 0.0047707058
2539.0 0.0052709591
2540.0 0.0051638773
2541.0 0.0046509067000000005
2542.0 0.0038937531000000003
2543.0 0.0030902284
2544.0 0.0022353512
2545.0 0.0015536525000000002
2546.0 0.0011282618
2547.0 0.0004460646
2548.0 0.0003688767
2549.0 0.0002139923
2550.0 0.0005231165000000001
2551.0 0.0010083535
2552.0 0.0017560532000000001
2553.0 0.0020355828
2554.0 0.0022384824
2555.0 0.0026949995
2556.0 0.0029114971
2557.0 0.0031633113
2558.0 0.0034908597
2559.0 0.0039769849
2560.0 0.0047884891
2561.0 0.0056852554
2562.0 0.006512984
2563.0 0.006966782
2564.0 0.0068670911
2565.0 0.0060402622
2566.0 0.0047758262000000004
2567.0 0.0033765583
2568.0 0.0020077982
2569.0 0.0008314955000000001
2570.0 7.30855e-05
2571.0 0.0
2572.0 0.00021432880000000001
2573.0 0.0008381876
2574.0 0.0016718745
2575.0 0.0024960945
2576.0 0.0033555390000000003
2577.0 0.0037065089
2578.0 0.004382507700000001
2579.0 0.0048788112
2580.0 0.0057625071000000005
2581.0 0.0070864418
2582.0 0.0085038232
2583.0 0.0101035437
2584.0 0.0111137087
2585.0 0.0112867461
2586.0 0.010519689300000001
2587.0 0.0089197097
2588.0 0.0067615171
2589.0 0.0043660776000000005
2590.0 0.0022923157
2591.0 0.0007666047000000001
2592.0 0.0
2593.0 0.0
2594.0 0.0
2595.0 0.0
2596.0 0.00020318660000000002
2597.0 0.0005206904
2598.0 0.0007438409
2599.0 0.0005722370000000001
2600.0 0.000555307
2601.0 0.0005196453
2602.0 0.0004567315
2603.0 0.0005395606
2604.0 0.0003840687
2605.0 0.0003750135
2606.0 0.0003524205
2607.0 0.0003302092
2608.0 0.0003345598
2609.0 0.0003432991
2610.0 0.0005072605
2611.0 0.0005006403
2612.0 0.0004989128000000001
2613.0 0.0006037407
2614.0 0.0006646324
2615.0 0.0006395307
2616.0 0.0007593340000000001
2617.0 0.0009617720000000001
2618.0 0.0009295973
2619.0 0.0010117029
2620.0 0.0011861107
2621.0 0.0016243145000000001
2622.0 0.0020671438000000003
2623.0 0.002862828
2624.0 0.0036036931000000003
2625.0 0.0045071493
2626.0 0.0055720247
2627.0 0.006252255500000001
2628.0 0.0063857515
2629.0 0.0060648835
2630.0 0.0049964986000000005
2631.0 0.0040347184
2632.0 0.0029736777
2633.0 0.0022661103
2634.0 0.0017796510000000001
2635.0 0.001422569
2636.0 0.0012845776
2637.0 0.0014412867
2638.0 0.0019075458000000001
2639.0 0.0024492487
2640.0 0.0032977959
2641.0 0.0045907146
2642.0 0.0058337821000000005
2643.0 0.0070051983
2644.0 0.0085622107
2645.0 0.0104831763
2646.0 0.0127398605
2647.0 0.015225965400000001
2648.0 0.0176010638
2649.0 0.0197095733
2650.0 0.020676231200000002
2651.0 0.0205149503
2652.0 0.0189181528
2653.0 0.0162176178
2654.0 0.0122447293
2655.0 0.0078367418
2656.0 0.0037793801
2657.0 0.0008986178
2658.0 0.0
2659.0 0.0
2660.0 0.0
2661.0 0.0002668389
2662.0 0.0009123096
2663.0 0.0010823333
2664.0 0.0010571110000000001
2665.0 0.0007462219
2666.0 0.0008241137
2667.0 0.0005743302
2668.0 0.0005468948
2669.0 0.0005142717
2670.0 0.0004266048
2671.0 0.0004579876
2672.0 0.0003079964
2673.0 7.16428e-05
2674.0 5.35402e-05
2675.0 0.0001978428
2676.0 0.00023725900000000003
2677.0 0.00022292970000000001
2678.0 0.0001758493
2679.0 0.0002319171
2680.0 0.000297041
2681.0 0.0005514856
2682.0 0.0006546856
2683.0 0.0006248667
2684.0 0.0005817586
2685.0 0.0005037555
2686.0 0.0006976780000000001
2687.0 0.0007920692
2688.0 0.0005728672
2689.0 0.0010061494
2690.0 0.0010633358
2691.0 0.0012976773
2692.0 0.0015788947
2693.0 0.0017412461000000001
2694.0 0.0015800956
2695.0 0.0017222907
2696.0 0.0018594239000000001
2697.0 0.001728476
2698.0 0.001394115
2699.0 0.0012434352
2700.0 0.0010031995000000001
2701.0 0.0009183611000000001
2702.0 0.0008185285000000001
2703.0 0.0008755458
2704.0 0.0010347817
2705.0 0.0015409205
2706.0 0.0018553600000000001
2707.0 0.0022330299
2708.0 0.0027847538
2709.0 0.00350989
2710.0 0.0040648978
2711.0 0.0047721178000000005
2712.0 0.0053777541
2713.0 0.005973632600000001
2714.0 0.0061624773
2715.0 0.0058457024000000005
2716.0 0.0053513667000000004
2717.0 0.0047960894
2718.0 0.0040398007
2719.0 0.0033612686
2720.0 0.0027595513
2721.0 0.0019802334
2722.0 0.0016100853000000001
2723.0 0.001677504
2724.0 0.0021552216
2725.0 0.003132001
2726.0 0.0040263558
2727.0 0.005313325000000001
2728.0 0.0061713224
2729.0 0.00754013
2730.0 0.0089914722
2731.0 0.0110568557
2732.0 0.0137692798
2733.0 0.0163148626
2734.0 0.0181263313
2735.0 0.0183971812
2736.0 0.016970013200000002
2737.0 0.0145621981
2738.0 0.0120154157
2739.0 0.009921326000000001
2740.0 0.0076660926
2741.0 0.0053670279
2742.0 0.0031539824
2743.0 0.0010101881
2744.0 0.0
2745.0 0.0
2746.0 0.000360768
2747.0 0.0008724392
2748.0 0.0016291084000000001
2749.0 0.0021035497
2750.0 0.0023135588
2751.0 0.0024158133000000003
2752.0 0.0026994795
2753.0 0.0030500357000000002
2754.0 0.003285791
2755.0 0.0036593513
2756.0 0.0038937087000000003
2757.0 0.0039990753
2758.0 0.0033838450000000003
2759.0 0.0025910406
2760.0 0.0018097387
2761.0 0.0011776927
2762.0 0.0008504885
2763.0 0.0013533483
2764.0 0.0013646432
2765.0 0.0023214976000000003
2766.0 0.0025861949000000003
2767.0 0.0029630409
2768.0 0.0033432224
2769.0 0.0037272437
2770.0 0.0042277293
2771.0 0.0050790897
2772.0 0.0063237562
2773.0 0.0077976065
2774.0 0.009769433400000001
2775.0 0.011782684100000001
2776.0 0.0131559788
2777.0 0.0131916154
2778.0 0.0116214435
2779.0 0.0095521001
2780.0 0.007295737500000001
2781.0 0.0053945293
2782.0 0.0041004701
2783.0 0.0028605594
2784.0 0.0019233560000000002
2785.0 0.0008510826000000001
2786.0 0.0005724103
2787.0 0.0006290051
2788.0 0.0010574742
2789.0 0.001913727
2790.0 0.0025106530000000003
2791.0 0.0028680509
2792.0 0.0031424263
2793.0 0.0035832132
2794.0 0.0040310167
2795.0 0.004771634
2796.0 0.0054383309
2797.0 0.0057994846
2798.0 0.005753718200000001
2799.0 0.0054960930000000005
2800.0 0.005072587700000001
2801.0 0.004340074
2802.0 0.0032933056
2803.0 0.0020831368
2804.0 0.0013296814
2805.0 0.0007898880000000001
2806.0 0.0006276895
2807.0 0.0008753433
2808.0 0.0012844796
2809.0 0.0018543107
2810.0 0.002462164
2811.0 0.0031962575000000003
2812.0 0.0039822292
2813.0 0.0051242883
2814.0 0.0064037874
2815.0 0.0077486685
2816.0 0.008222548500000001
2817.0 0.008534281000000001
2818.0 0.007946245900000001
2819.0 0.007087941800000001
2820.0 0.0055097912
2821.0 0.0041224376
2822.0 0.0028373321
2823.0 0.0017541811
2824.0 0.0009497023000000001
2825.0 0.000774495
2826.0 0.0005967631
2827.0 0.0007292546
2828.0 0.0005546125000000001
2829.0 0.0006267470000000001
2830.0 0.000890692
2831.0 0.0004414794
2832.0 0.0005829822
2833.0 0.00042266300000000004
2834.0 0.0003490961
2835.0 0.0007295575
2836.0 0.0003857465
2837.0 0.0005142281000000001
2838.0 0.0006016882
2839.0 0.00048397100000000003
2840.0 0.0004282727
2841.0 0.0003375232
2842.0 0.0002891149
2843.0 0.00041398170000000003
2844.0 0.0004416189
2845.0 0.0009586455
2846.0 0.0013189174
2847.0 0.0016312965000000001
2848.0 0.0018602593
2849.0 0.0021685683
2850.0 0.0024126765
2851.0 0.0028447041
2852.0 0.0029744165000000003
2853.0 0.0036835207000000003
2854.0 0.0043452091000000005
2855.0 0.0050826348
2856.0 0.0057821495
2857.0 0.006519564
2858.0 0.0068642359000000005
2859.0 0.0071635394
2860.0 0.0074746542
2861.0 0.0071298074
2862.0 0.0059929792
2863.0 0.0050572761
2864.0 0.0032149822
2865.0 0.0017866907
2866.0 0.0004579119
2867.0 0.0
2868.0 0.0
2869.0 0.0
2870.0 0.0007189019000000001
2871.0 0.0012027692
2872.0 0.0016780542
2873.0 0.0021939866
2874.0 0.0024092460000000003
2875.0 0.0027074969
2876.0 0.0029685364
2877.0 0.0031087003
2878.0 0.0030471226
2879.0 0.0029441520000000002
2880.0 0.002860778
2881.0 0.0026507928
2882.0 0.0020989715
2883.0 0.0021573122000000003
2884.0 0.0022445776
2885.0 0.0023887919000000002
2886.0 0.0025642826
2887.0 0.0027811288
2888.0 0.0032740346
2889.0 0.0039525745
2890.0 0.0051467857
2891.0 0.0061648664
2892.0 0.0072315981
2893.0 0.008603126000000001
2894.0 0.00982661
2895.0 0.012419569
2896.0 0.0147852098
2897.0 0.0163769481
2898.0 0.0176234235
2899.0 0.0174555384
2900.0 0.0155465787
2901.0 0.0127111668
2902.0 0.0094204037
2903.0 0.006182539000000001
2904.0 0.0036219940000000003
2905.0 0.0013862703
2906.0 0.0005647405
2907.0 9.23544e-05
2908.0 0.0006657399
2909.0 0.0009251753000000001
2910.0 0.0019297892
2911.0 0.0028765444
2912.0 0.0035405923
2913.0 0.0039261155
2914.0 0.0048450799
2915.0 0.0056283679
2916.0 0.0059423715
2917.0 0.0056608285
2918.0 0.0050207833000000006
2919.0 0.0043828081
2920.0 0.0038112531
2921.0 0.003481937
2922.0 0.0032275258
2923.0 0.0026285409000000003
2924.0 0.0022799418
2925.0 0.0016879097
2926.0 0.0013571538
2927.0 0.0012566769
2928.0 0.0011631642
2929.0 0.0015256684000000001
2930.0 0.0020343993
2931.0 0.0022562872
2932.0 0.0029411526
2933.0 0.0035454699
2934.0 0.0040378718000000004
2935.0 0.0042102919
2936.0 0.0044191994000000005
2937.0 0.0042914421
2938.0 0.0039735672
2939.0 0.0038381664
2940.0 0.0034952657000000002
2941.0 0.0031661031
2942.0 0.0028071421
2943.0 0.0021278965
2944.0 0.001632231
2945.0 0.0011346901
2946.0 0.0009678897
2947.0 0.0013931605
2948.0 0.0013936643
2949.0 0.0019294633
2950.0 0.0019363563
2951.0 0.0020659115
2952.0 0.0025782546
2953.0 0.0031030152000000003
2954.0 0.0039575044
2955.0 0.0044000613
2956.0 0.0046273121
2957.0 0.0048230267
2958.0 0.0043948058
2959.0 0.0037128137
2960.0 0.0029056417000000003
2961.0 0.0021994858
2962.0 0.0016823597
2963.0 0.0014052613
2964.0 0.0007614172
2965.0 0.0006892863
2966.0 0.000731304
2967.0 0.0009724567
2968.0 0.0014707439000000001
2969.0 0.0024017963
2970.0 0.0029706439
2971.0 0.00350151
2972.0 0.0043236493
2973.0 0.004729390500000001
2974.0 0.005779738
2975.0 0.005979497
2976.0 0.005840821
2977.0 0.0056237331
2978.0 0.0048228559
2979.0 0.0040804677
2980.0 0.0032942456
2981.0 0.0024744804
2982.0 0.0017231112000000001
2983.0 0.0012042535000000001
2984.0 0.00046306790000000004
2985.0 4.9545e-05
2986.0 0.0001488585
2987.0 0.0001280143
2988.0 0.0004302279
2989.0 0.0007556293000000001
2990.0 0.0004726355
2991.0 0.0005405056
2992.0 0.0006471592
2993.0 0.0006049496
2994.0 0.0006095934
2995.0 0.0006310745
2996.0 0.0003778069
2997.0 0.0002763607
2998.0 0.0004963275
2999.0 0.0004267548
3000.0 0.00036652310000000003
3001.0 0.0004588033
3002.0 0.0004993387
3003.0 0.000870358
3004.0 0.0010607004
3005.0 0.0012415399000000001
3006.0 0.0014568351000000001
3007.0 0.0016251885
3008.0 0.0016234414000000001
3009.0 0.0017764076
3010.0 0.0020776980000000002
3011.0 0.0022711726
3012.0 0.0026299227
3013.0 0.0034318997
3014.0 0.0035166338
3015.0 0.0040937402
3016.0 0.0040442829000000005
3017.0 0.0037982790000000003
3018.0 0.0030812948000000003
3019.0 0.0024355415
3020.0 0.0016705343
3021.0 0.0015097107
3022.0 0.0013792774
3023.0 0.001174682
3024.0 0.0009308080000000001
3025.0 0.0009639816
3026.0 0.0013932948
3027.0 0.0016955529
3028.0 0.0020704530000000003
3029.0 0.0025637455000000003
3030.0 0.0028413728000000003
3031.0 0.0032905608
3032.0 0.0039986108
3033.0 0.004522553
3034.0 0.0043594875
3035.0 0.0039938739
3036.0 0.0038797403
3037.0 0.0034475727
3038.0 0.002523014
3039.0 0.0021376541
3040.0 0.0015520058
3041.0 0.0016220226
3042.0 0.0015116312000000001
3043.0 0.0016178142
3044.0 0.0017094812
3045.0 0.0019002131
3046.0 0.0023148746
3047.0 0.0024191441000000003
3048.0 0.0031224575
3049.0 0.0032315201
3050.0 0.0041219114
3051.0 0.0043339449
3052.0 0.004517222
3053.0 0.0053619113
3054.0 0.0058472233
3055.0 0.005448676600000001
3056.0 0.0050127848000000004
3057.0 0.0044922037
3058.0 0.003723763
3059.0 0.0028698997
3060.0 0.0019624915
3061.0 0.0010448081
3062.0 0.000658154
3063.0 0.0012879447
3064.0 0.0015920277
3065.0 0.0018650720000000002
3066.0 0.0024168491
3067.0 0.0034035728
3068.0 0.0042641603
3069.0 0.0049808355
3070.0 0.0054173507
3071.0 0.0055443187
3072.0 0.0054445147
3073.0 0.0047125146
3074.0 0.0040956638000000005
3075.0 0.0040768801
3076.0 0.0032141080000000002
3077.0 0.0024851630000000003
3078.0 0.0020679504
3079.0 0.0021316060000000003
3080.0 0.0021599074
3081.0 0.0024101759
3082.0 0.0024085835
3083.0 0.0028381255
3084.0 0.0030690612
3085.0 0.0036545239
3086.0 0.0041281994
3087.0 0.0050353619
3088.0 0.006373857100000001
3089.0 0.0073788788000000004
3090.0 0.007849067000000001
3091.0 0.008025654
3092.0 0.0074472994
3093.0 0.0062942253
3094.0 0.0050534741
3095.0 0.0034826461000000003
3096.0 0.002256198
3097.0 0.0013603724
3098.0 0.0006655122
3099.0 0.0006143987000000001
3100.0 0.0005563803
3101.0 0.0010223889
3102.0 0.0015312216000000001
3103.0 0.0018970231
3104.0 0.0021807169
3105.0 0.0021659596
3106.0 0.0022966258
3107.0 0.00190862
3108.0 0.0022185307
3109.0 0.0022898056
3110.0 0.0027961404
3111.0 0.0027901552
3112.0 0.0033004679
3113.0 0.0033368598
3114.0 0.0034815363
3115.0 0.003837112
3116.0 0.0031903799
3117.0 0.0029643339000000003
3118.0 0.0031251873000000003
3119.0 0.0030667931
3120.0 0.0037248037000000003
3121.0 0.0049913480000000005
3122.0 0.0058998825
3123.0 0.0069773417
3124.0 0.0084160577
3125.0 0.0093429506
3126.0 0.0096080609
3127.0 0.009833609600000001
3128.0 0.0096251492
3129.0 0.0085449577
3130.0 0.0079449848
3131.0 0.007254595000000001
3132.0 0.0065284707
3133.0 0.0056667325000000004
3134.0 0.004253584
3135.0 0.0025523857
3136.0 0.0012979844
3137.0 0.0007304829
3138.0 0.0001817224
3139.0 0.0
3140.0 0.00042923260000000003
3141.0 0.00048320350000000004
3142.0 0.0009946126
3143.0 0.0010149710000000001
3144.0 0.0013157432000000001
3145.0 0.0014284202
3146.0 0.001256146
3147.0 0.0010171934000000001
3148.0 0.0012820999
3149.0 0.0017662093
3150.0 0.0014582494000000001
3151.0 0.001276622
3152.0 0.0012173179
3153.0 0.0011936362
3154.0 0.0015085983
3155.0 0.0016068080000000002
3156.0 0.0018861566000000001
3157.0 0.0020014341
3158.0 0.0024614741
3159.0 0.0030401998
3160.0 0.0031180588
3161.0 0.0036697681
3162.0 0.0035701189
3163.0 0.0034984088
3164.0 0.0037155936000000003
3165.0 0.0032371411000000003
3166.0 0.0028546146000000003
3167.0 0.0023867416
3168.0 0.0019422713
3169.0 0.0019385418
3170.0 0.0017819662000000001
3171.0 0.0019554071
3172.0 0.0019951726
3173.0 0.0021250003000000003
3174.0 0.0023037609
3175.0 0.002720704
3176.0 0.0031103377
3177.0 0.0028779034
3178.0 0.0031678155
3179.0 0.0040849897000000005
3180.0 0.0042445688
3181.0 0.0050777362
3182.0 0.0049087897
3183.0 0.005076568
3184.0 0.0048168618
3185.0 0.004757870500000001
3186.0 0.0040166001
3187.0 0.0036246362
3188.0 0.0032631776
3189.0 0.0031979202
3190.0 0.0030987282000000003
3191.0 0.0026952136
3192.0 0.0036189978
3193.0 0.0035165765
3194.0 0.0045231706
3195.0 0.0056788498
3196.0 0.006547529900000001
3197.0 0.007740395200000001
3198.0 0.0094325959
3199.0 0.0102925742
3200.0 0.010124775400000001
3201.0 0.0096327268
3202.0 0.008613807000000001
3203.0 0.007019003100000001
3204.0 0.0053492285
3205.0 0.0044815712
3206.0 0.0036247629
3207.0 0.0028875320000000004
3208.0 0.0022413376
3209.0 0.0016771415
3210.0 0.0017017518
3211.0 0.0013438976000000001
3212.0 0.0012812602
3213.0 0.0016641486
3214.0 0.0016754305
3215.0 0.0019775275
3216.0 0.0025065985000000002
3217.0 0.0029332433
3218.0 0.0034216753
3219.0 0.0036877695
3220.0 0.0032512755000000003
3221.0 0.0025773934
3222.0 0.0028762908
3223.0 0.0021339734
3224.0 0.0017182523
3225.0 0.0014673050000000001
3226.0 0.0014450345000000002
3227.0 0.0006844716000000001
3228.0 0.0003861855
3229.0 0.0001400608
3230.0 0.0002165101
3231.0 0.0002982788
3232.0 0.0005694877
3233.0 0.0008549698000000001
3234.0 0.0008791835
3235.0 0.0009003085
3236.0 0.0009699383
3237.0 0.0009244836
3238.0 0.001195923
3239.0 0.0007984003
3240.0 0.0007650878000000001
3241.0 0.0010620433
3242.0 0.0009999936
3243.0 0.0011251435
3244.0 0.0010085019
3245.0 0.001000279
3246.0 0.0007321867
3247.0 0.0013682198
3248.0 0.0016505180000000001
3249.0 0.0014155064
3250.0 0.0015647425
3251.0 0.0017599784
3252.0 0.0017036516
3253.0 0.0020805527
3254.0 0.0019750075
3255.0 0.0014114043
3256.0 0.0019012724
3257.0 0.0018181852
3258.0 0.0023206175000000002
3259.0 0.0019395665000000002
3260.0 0.0019252726
3261.0 0.0025893287
3262.0 0.0026487973
3263.0 0.0022230032
3264.0 0.0026422399
3265.0 0.0029092552
3266.0 0.0039991628
3267.0 0.0045550364
3268.0 0.0049396380000000005
3269.0 0.0058125213
3270.0 0.006646632600000001
3271.0 0.0066596177
3272.0 0.0063646148000000005
3273.0 0.0063255263
3274.0 0.0061260864
3275.0 0.0053795443000000005
3276.0 0.004648808
3277.0 0.0034744506000000002
3278.0 0.0023049272
3279.0 0.0016733109
3280.0 0.0008931441
3281.0 0.0001496505
3282.0 0.0003118458
3283.0 0.00021509370000000002
3284.0 0.0004946932
3285.0 0.000317395
3286.0 0.0013881099
3287.0 0.001537013
3288.0 0.0012552152000000001
3289.0 0.0012842026000000001
3290.0 0.001264659
3291.0 0.0013236327
3292.0 0.0010773996000000001
3293.0 0.0006933689000000001
3294.0 0.0009768217000000001
3295.0 0.0012123575
3296.0 0.0013706334000000001
3297.0 0.0012762110000000002
3298.0 0.0013243988000000001
3299.0 0.0015227790000000001
3300.0 0.0018084033
3301.0 0.0017268066
3302.0 0.0017386884
3303.0 0.0019270210000000001
3304.0 0.0024799360000000003
3305.0 0.0028553929000000003
3306.0 0.0028991171
3307.0 0.0034628767
3308.0 0.0036645109
3309.0 0.0030783308
3310.0 0.0026268172
3311.0 0.0018610619
3312.0 0.0017058444000000001
3313.0 0.0010368386
3314.0 0.0014928125
3315.0 0.0014928382
3316.0 0.0017326378
3317.0 0.0021238249
3318.0 0.0024479568
3319.0 0.0020078027
3320.0 0.0023384798
3321.0 0.0015311792
3322.0 0.0021615
3323.0 0.0022677118000000002
3324.0 0.001734033
3325.0 0.0019900569
3326.0 0.0019726722
3327.0 0.0022072222
3328.0 0.0019956774
3329.0 0.002302306
3330.0 0.0027723332
3331.0 0.0029923917000000003
3332.0 0.0027029460000000003
3333.0 0.0030231116
3334.0 0.0032098682
3335.0 0.0037116073
3336.0 0.0041489722
3337.0 0.0042441927
3338.0 0.0051481413
3339.0 0.005986967100000001
3340.0 0.0068135743
3341.0 0.006911407400000001
3342.0 0.0070881971000000005
3343.0 0.0068023375
3344.0 0.0060418825
3345.0 0.0061535994
3346.0 0.0050589876
3347.0 0.0039874617
3348.0 0.0032552992
3349.0 0.0025111275
3350.0 0.0018702267
3351.0 0.0013029687
3352.0 0.0019437061000000002
3353.0 0.0022942802
3354.0 0.0027839264
3355.0 0.0028512577
3356.0 0.0034725868
3357.0 0.0036794310000000004
3358.0 0.0042042926
3359.0 0.0043504082
3360.0 0.0044121986
3361.0 0.0040670074
3362.0 0.0032170064000000003
3363.0 0.0033035601
3364.0 0.0025284533
3365.0 0.0030630902
3366.0 0.0023537963
3367.0 0.0022419636000000002
3368.0 0.0022714617
3369.0 0.0020687358
3370.0 0.0026133320000000003
3371.0 0.0023945428
3372.0 0.0027083328
3373.0 0.0031579377000000002
3374.0 0.0040547119
3375.0 0.0039269937
3376.0 0.0033915764
3377.0 0.0043460989
3378.0 0.0033412206
3379.0 0.0033615262
3380.0 0.0027548532
3381.0 0.0037723716000000003
3382.0 0.0031449973
3383.0 0.0030981007
3384.0 0.0028069997
3385.0 0.0025322514000000003
3386.0 0.0024686613
3387.0 0.0023951697
3388.0 0.0027980765
3389.0 0.0034834094
3390.0 0.0038485186
3391.0 0.0045764439
3392.0 0.0041777458
3393.0 0.0042977885
3394.0 0.0045076988
3395.0 0.0045412681
3396.0 0.0043070254
3397.0 0.0039165695000000006
3398.0 0.003918691
3399.0 0.0030382941
3400.0 0.0024862132
3401.0 0.0027161441000000002
3402.0 0.0031405633
3403.0 0.0023602209
3404.0 0.0023454708
3405.0 0.0029905148
3406.0 0.0032767975000000003
3407.0 0.0028553368000000003
3408.0 0.0031840486000000003
3409.0 0.0033586403
3410.0 0.0034254125000000002
3411.0 0.0031407899
3412.0 0.0038262373000000002
3413.0 0.0038725060000000004
3414.0 0.0038746383000000002
3415.0 0.0036032750000000004
3416.0 0.0033892594
3417.0 0.0032701458
3418.0 0.0012002943
3419.0 0.0016356348
3420.0 0.0014160677
3421.0 0.0016264369
3422.0 0.0015517602
3423.0 0.0015257516
3424.0 0.0014097451
3425.0 0.0012381248
3426.0 0.0017873373
3427.0 0.0017664535
3428.0 0.0026863433
3429.0 0.0025464989
3430.0 0.0031456093000000003
3431.0 0.0025299218
3432.0 0.0018173225
3433.0 0.0026278544
3434.0 0.0016966332
3435.0 0.0032469814
3436.0 0.0030124234000000003
3437.0 0.0026214837
3438.0 0.0028808566
3439.0 0.0038865371000000003
3440.0 0.0044167516
3441.0 0.0052870244000000005
3442.0 0.0052286519
3443.0 0.0050638110000000005
3444.0 0.0055713591
3445.0 0.0058785147
3446.0 0.0059307706
3447.0 0.0061255565000000005
3448.0 0.0047376356
3449.0 0.0043074125
3450.0 0.0041065678000000005
3451.0 0.0041922258
3452.0 0.0033051326000000003
3453.0 0.0021835242
3454.0 0.0021062426
3455.0 0.0012316269
3456.0 0.0013944582
3457.0 0.0030871357
3458.0 0.0024193426
3459.0 0.0030197998
3460.0 0.0037068023
3461.0 0.0037593099
3462.0 0.003988191800000001
3463.0 0.0025103157
3464.0 0.0016961042
3465.0 0.0041044691
3466.0 0.0025748971
3467.0 0.0028037151
3468.0 0.0028591991000000002
3469.0 0.0042145002
3470.0 0.0039849393
3471.0 0.0035492423000000003
3472.0 0.0029281603
3473.0 0.0023898586
3474.0 0.0025445729
3475.0 0.0053232245
3476.0 0.0048150275
3477.0 0.0045161929
3478.0 0.0050869046
3479.0 0.0050381684
3480.0 0.002452721
3481.0 0.0023991272
3482.0 0.0047813814000000005
3483.0 0.0020654088
3484.0 0.0058830946
3485.0 0.0029740809
3486.0 0.0075252082
3487.0 0.0086519147
