! NMF Generated XRD
! Source = nmfMapping@PDFitc
! Created by = Zachary
! Date = 20211116215106507480
! PDFitc UUID = 261fbdf0
! q Intensity
! 
0.0 0.0006979664
1.0 0.0006992671
2.0 0.0007025929
3.0 0.0007123456000000001
4.0 0.0007191609
5.0 0.0007384306
6.0 0.0007910892
7.0 0.0008084106000000001
8.0 0.0010651409
9.0 0.0016232188000000001
10.0 0.0025196409
11.0 0.0039929559
12.0 0.0054576896
13.0 0.0057922362
14.0 0.0059866405
15.0 0.0064823987
16.0 0.0062997287
17.0 0.006026251000000001
18.0 0.0062541019000000005
19.0 0.007017930800000001
20.0 0.0063246962
21.0 0.0059405364
22.0 0.0063888091
23.0 0.0065142512000000005
24.0 0.0060867645
25.0 0.006110261200000001
26.0 0.0063906867
27.0 0.0060982001
28.0 0.005633143
29.0 0.0051215206
30.0 0.004987765700000001
31.0 0.0043800994
32.0 0.0031851546
33.0 0.0022945833
34.0 0.0019194147000000002
35.0 0.0017819123
36.0 0.0017425752
37.0 0.0017655422
38.0 0.0017635857
39.0 0.0017300369
40.0 0.0017547449
41.0 0.0018111358
42.0 0.0018006218000000001
43.0 0.0017713337
44.0 0.0018215418000000001
45.0 0.0018512227
46.0 0.0017920216
47.0 0.0017948832
48.0 0.0018316679
49.0 0.0018241383
50.0 0.0017631845
51.0 0.0017962702
52.0 0.0018305396000000002
53.0 0.0017952691
54.0 0.0018217206
55.0 0.0018582388
56.0 0.0018716299
57.0 0.0018726621
58.0 0.0018675220000000001
59.0 0.0018685079
60.0 0.0018772199000000002
61.0 0.0018969342000000001
62.0 0.001898008
63.0 0.0019292853
64.0 0.0019219346000000001
65.0 0.0018708538
66.0 0.00192889
67.0 0.0019524216000000002
68.0 0.0019585558
69.0 0.0019650222
70.0 0.0019660782
71.0 0.0019928305
72.0 0.0019882441
73.0 0.0019888366
74.0 0.0020256813
75.0 0.0020406110000000003
76.0 0.002057417
77.0 0.0020652012
78.0 0.0021031295
79.0 0.0021153208000000002
80.0 0.0021034383
81.0 0.0021621458
82.0 0.0021747660000000003
83.0 0.0021781502000000003
84.0 0.0022007442
85.0 0.0022161993
86.0 0.0022267129
87.0 0.0022350557
88.0 0.0022417711
89.0 0.0022413193
90.0 0.0022215081
91.0 0.0022094371
92.0 0.0022281663000000003
93.0 0.0022021008
94.0 0.002210235
95.0 0.002202242
96.0 0.0021998376000000003
97.0 0.0021821073
98.0 0.0021725869
99.0 0.0021811065
100.0 0.0021939579
101.0 0.0021722815
102.0 0.0021837475
103.0 0.0022030571
104.0 0.002213117
105.0 0.0021965573
106.0 0.0021727521
107.0 0.0021887684
108.0 0.0021934786
109.0 0.0021678685
110.0 0.0021857910000000003
111.0 0.0022044836
112.0 0.00220164
113.0 0.0022268398000000003
114.0 0.0022315186000000002
115.0 0.0021924847
116.0 0.0022036087
117.0 0.0022234087
118.0 0.0022139919
119.0 0.0022047737
120.0 0.0021995440000000003
121.0 0.0022026212
122.0 0.0022013905000000003
123.0 0.0021897535
124.0 0.0022085467000000003
125.0 0.0021849019000000003
126.0 0.0021506405000000003
127.0 0.0021928476
128.0 0.0022186297
129.0 0.0021974281
130.0 0.0021985656
131.0 0.0022048884
132.0 0.0022289312
133.0 0.0022023141
134.0 0.0021990609
135.0 0.0021855884
136.0 0.0021907892
137.0 0.0022111182000000003
138.0 0.0021941597
139.0 0.0021775546
140.0 0.0021863184
141.0 0.0021843201
142.0 0.0022162848
143.0 0.0021897331
144.0 0.0022121036
145.0 0.0021952864
146.0 0.0021944462
147.0 0.0021814350000000002
148.0 0.0021686363
149.0 0.0021912380000000003
150.0 0.0022025663
151.0 0.0021943383
152.0 0.002173361
153.0 0.0021620610000000003
154.0 0.0021559657
155.0 0.0021528672
156.0 0.0021758525
157.0 0.0021192518000000002
158.0 0.0021269454
159.0 0.0021453649
160.0 0.0021366171
161.0 0.0021676048
162.0 0.0021700020000000003
163.0 0.0021657015
164.0 0.0021219131
165.0 0.0021416783000000003
166.0 0.0021114925
167.0 0.0021199314
168.0 0.0021387267
169.0 0.0021125599000000003
170.0 0.0021066138
171.0 0.0021169587
172.0 0.0020974271000000003
173.0 0.0021063207
174.0 0.0020767074000000003
175.0 0.0020991565
176.0 0.0020573263
177.0 0.0020469723
178.0 0.0020427111
179.0 0.0020529146
180.0 0.0020551249
181.0 0.0020402512
182.0 0.0020103579000000002
183.0 0.0020416973
184.0 0.0020561578
185.0 0.0020301186000000002
186.0 0.0020220641
187.0 0.0020114186000000003
188.0 0.002013674
189.0 0.0020242597000000003
190.0 0.001993804
191.0 0.0020329589
192.0 0.0020172779
193.0 0.0019699102
194.0 0.001926825
195.0 0.0019607279
196.0 0.0019659957
197.0 0.0019331176
198.0 0.0019457976
199.0 0.0019417020000000002
200.0 0.0019529339
201.0 0.001933175
202.0 0.0018958539000000002
203.0 0.0019262375
204.0 0.0018854831000000001
205.0 0.0018988001
206.0 0.0018965153
207.0 0.0018887932
208.0 0.0019058553
209.0 0.0018806446
210.0 0.0018703007000000001
211.0 0.0018648873
212.0 0.0018855406
213.0 0.0018616613
214.0 0.0018581740000000002
215.0 0.0018376974
216.0 0.001825512
217.0 0.0018311642
218.0 0.0018191545
219.0 0.0018052219000000002
220.0 0.001807947
221.0 0.0018338536
222.0 0.0018085937
223.0 0.0017900279000000001
224.0 0.0018192009
225.0 0.0018450958
226.0 0.0018123887
227.0 0.0018222218
228.0 0.0017904902000000001
229.0 0.0017253648000000001
230.0 0.0017440658
231.0 0.0017534553
232.0 0.0017621589
233.0 0.0017925760000000002
234.0 0.0017874133000000002
235.0 0.0017465567
236.0 0.0017190583
237.0 0.0017391288
238.0 0.0017826584
239.0 0.0018012613
240.0 0.0017589606000000002
241.0 0.0017066911
242.0 0.0016933556
243.0 0.001692251
244.0 0.0016618811
245.0 0.0016916073
246.0 0.0016944296
247.0 0.0017175442000000002
248.0 0.001718476
249.0 0.001691006
250.0 0.0016799808
251.0 0.0016944201000000001
252.0 0.0017273125000000001
253.0 0.0016713041
254.0 0.0016493518000000001
255.0 0.0016688642
256.0 0.0016441476
257.0 0.0017117588000000001
258.0 0.0016902171
259.0 0.0017116488000000001
260.0 0.0017094041000000001
261.0 0.0016734312
262.0 0.0016614020000000002
263.0 0.0016587726
264.0 0.0016722611
265.0 0.0016734515
266.0 0.0016697162
267.0 0.0016862136
268.0 0.0016559705
269.0 0.0016138771000000001
270.0 0.0016531857
271.0 0.0016197081000000001
272.0 0.0016117045
273.0 0.0015998235
274.0 0.0016039683
275.0 0.0016394776
276.0 0.0015867277
277.0 0.0016592841
278.0 0.0017055771
279.0 0.0016961398
280.0 0.0017084498
281.0 0.0017208643
282.0 0.0017179927
283.0 0.0017432652
284.0 0.0017637509
285.0 0.0017493252
286.0 0.0017885137
287.0 0.0017949242000000001
288.0 0.0018117163
289.0 0.0018688124
290.0 0.0018728831000000001
291.0 0.001903575
292.0 0.0019634734
293.0 0.0019897342
294.0 0.0019766605
295.0 0.0019666996
296.0 0.0019332014
297.0 0.001883544
298.0 0.0018536607
299.0 0.0018380668
300.0 0.0018149247000000001
301.0 0.0017916497
302.0 0.0017980971
303.0 0.0017528722
304.0 0.0017512774
305.0 0.0017452222000000001
306.0 0.0017380840000000002
307.0 0.0017001797
308.0 0.0017373769
309.0 0.0017566889
310.0 0.0017926236000000001
311.0 0.0017804666
312.0 0.0017485605
313.0 0.0017587477
314.0 0.0018020067000000001
315.0 0.0018228083
316.0 0.0018153187
317.0 0.0018204221
318.0 0.0018289273
319.0 0.0019458088
320.0 0.0019606356000000003
321.0 0.0019863083
322.0 0.002051371
323.0 0.0021562803
324.0 0.0022515476
325.0 0.0024507837
326.0 0.0027943279
327.0 0.0033529147
328.0 0.0044694198
329.0 0.006887652
330.0 0.011023672200000001
331.0 0.0171961764
332.0 0.0294485936
333.0 0.0529079592
334.0 0.0772434338
335.0 0.0765217873
336.0 0.0525629258
337.0 0.029242696000000002
338.0 0.0154077636
339.0 0.0088421898
340.0 0.0061901505
341.0 0.006019464
342.0 0.0085164312
343.0 0.0103516844
344.0 0.0110819599
345.0 0.0074850419
346.0 0.003574471
347.0 0.0028511089
348.0 0.0020747861
349.0 0.0018283859000000002
350.0 0.0017569345
351.0 0.0016464291
352.0 0.0016101440000000002
353.0 0.0015060246000000001
354.0 0.0014546708
355.0 0.0014181351
356.0 0.0014082755
357.0 0.0014499915
358.0 0.0016978684
359.0 0.0022123811000000003
360.0 0.002920844
361.0 0.0034451144
362.0 0.0036036784
363.0 0.0034021845
364.0 0.0030234836
365.0 0.0027428514000000003
366.0 0.0024790570000000002
367.0 0.0021252484000000003
368.0 0.0018502897
369.0 0.0015499429
370.0 0.0013518450000000002
371.0 0.0012440839
372.0 0.0012369808
373.0 0.0012132866
374.0 0.0011665842
375.0 0.0011374323
376.0 0.001127842
377.0 0.0011387398
378.0 0.0011574178
379.0 0.0011755447
380.0 0.0012161795000000001
381.0 0.0012642438
382.0 0.0012613664
383.0 0.0013190099
384.0 0.0017026483
385.0 0.0024792874000000003
386.0 0.0049262691
387.0 0.0062654169
388.0 0.0088328557
389.0 0.0108961911
390.0 0.0073327583000000005
391.0 0.0041844264
392.0 0.0021911679000000002
393.0 0.0013595032
394.0 0.0012299998000000001
395.0 0.0012393383
396.0 0.0011990505
397.0 0.0011472748
398.0 0.0011252731
399.0 0.0011751706000000001
400.0 0.001181853
401.0 0.0012031913
402.0 0.0011586076
403.0 0.0011446596000000001
404.0 0.0010584606
405.0 0.0010558321
406.0 0.0010867587
407.0 0.0010990777
408.0 0.0010549858
409.0 0.0010447703
410.0 0.0010620514
411.0 0.0010326504000000001
412.0 0.0010283754000000001
413.0 0.0010876173
414.0 0.0011436740000000001
415.0 0.0012270645
416.0 0.0013078078
417.0 0.0013594660000000001
418.0 0.0015251960000000001
419.0 0.0015642350000000002
420.0 0.0013834104
421.0 0.0012098174
422.0 0.0011783100000000001
423.0 0.0012541801
424.0 0.0012326357
425.0 0.0013200676
426.0 0.0014151682000000001
427.0 0.0013621947
428.0 0.0012315178
429.0 0.0011240222
430.0 0.0010610344000000001
431.0 0.0010810936
432.0 0.0011491345
433.0 0.0011141623
434.0 0.001089763
435.0 0.0011273231
436.0 0.0011995313
437.0 0.0011704256
438.0 0.0011974242
439.0 0.0012242991000000001
440.0 0.0012296787000000001
441.0 0.0012405433
442.0 0.0013371400000000001
443.0 0.001432391
444.0 0.0015542256
445.0 0.0016239540000000002
446.0 0.001641801
447.0 0.0016982277
448.0 0.0017390342
449.0 0.0018724016
450.0 0.0019489561
451.0 0.0020389977
452.0 0.0021275411
453.0 0.0023061269000000002
454.0 0.0023463258
455.0 0.0024719865
456.0 0.0026360847
457.0 0.002852425
458.0 0.0031648472
459.0 0.0034545661
460.0 0.0038197896000000003
461.0 0.0042179731
462.0 0.0047202436
463.0 0.0054514057
464.0 0.0064230265
465.0 0.0077901323000000005
466.0 0.0097033351
467.0 0.0127732716
468.0 0.017203341
469.0 0.026639425300000002
470.0 0.0487172524
471.0 0.1220460993
472.0 0.3152945877
473.0 0.5500601815
474.0 0.6745279743
475.0 0.5373851886000001
476.0 0.31040213640000003
477.0 0.1496114289
478.0 0.0705314791
479.0 0.0368797398
480.0 0.021360423400000002
481.0 0.0140873497
482.0 0.0100855909
483.0 0.007754970700000001
484.0 0.006306478000000001
485.0 0.0052383851
486.0 0.0044634885000000004
487.0 0.0039193804
488.0 0.003591524
489.0 0.0033372133
490.0 0.003082366
491.0 0.002765418
492.0 0.0025022383
493.0 0.0022981207
494.0 0.0021078786
495.0 0.0019381347
496.0 0.0018013396
497.0 0.0016778889
498.0 0.0015834170000000002
499.0 0.0015874892000000002
500.0 0.0017377552
501.0 0.0021733115
502.0 0.0026652724
503.0 0.0024099974000000002
504.0 0.001393527
505.0 0.0011609541
506.0 0.0011192415
507.0 0.0010960528
508.0 0.0011322370000000001
509.0 0.0012694152000000002
510.0 0.0014960449
511.0 0.0017420656
512.0 0.0019556461
513.0 0.0020952243000000002
514.0 0.0020824509
515.0 0.0019111774000000002
516.0 0.0017553377
517.0 0.0017017594
518.0 0.0014674039
519.0 0.0012190339
520.0 0.0009970838
521.0 0.0008727139
522.0 0.0006558989
523.0 0.0006153759
524.0 0.000630373
525.0 0.0005882839
526.0 0.0005626226
527.0 0.0005070474
528.0 0.0005085840000000001
529.0 0.0005414153
530.0 0.0005026488
531.0 0.00048723900000000004
532.0 0.0005386139
533.0 0.0004927903
534.0 0.0004269051
535.0 0.0004791824
536.0 0.0005051896000000001
537.0 0.000508197
538.0 0.0005236113
539.0 0.00046533560000000003
540.0 0.00045377760000000003
541.0 0.0004973666
542.0 0.0005176241
543.0 0.00047754460000000004
544.0 0.00048011740000000004
545.0 0.0005276036000000001
546.0 0.0005530102
547.0 0.0005353244
548.0 0.0005414562
549.0 0.0006046592
550.0 0.0005961491000000001
551.0 0.0006075897
552.0 0.0006173753
553.0 0.0006208962
554.0 0.0006683655
555.0 0.000652467
556.0 0.0007002798
557.0 0.0007089598000000001
558.0 0.0006693235
559.0 0.0007004882
560.0 0.0008238265
561.0 0.0008965427000000001
562.0 0.0009733130000000001
563.0 0.0010495047
564.0 0.0011081772
565.0 0.0011793338000000001
566.0 0.0012504833
567.0 0.0014274699
568.0 0.001509654
569.0 0.0016910717
570.0 0.0018188065
571.0 0.0021528745
572.0 0.0026660075
573.0 0.0031602231000000002
574.0 0.0042313071
575.0 0.005775343400000001
576.0 0.007973693700000001
577.0 0.0119030929
578.0 0.0330334497
579.0 0.11277963660000001
580.0 0.2257712268
581.0 0.26169984420000003
582.0 0.1840748935
583.0 0.0891624791
584.0 0.038971722
585.0 0.0185077555
586.0 0.0101591561
587.0 0.0063493173
588.0 0.0045008889000000005
589.0 0.0035147092
590.0 0.0030014630000000002
591.0 0.0025157999000000003
592.0 0.0021954637
593.0 0.0020525381
594.0 0.0022977292
595.0 0.0024003792000000003
596.0 0.0023451718
597.0 0.0020733766000000002
598.0 0.0016773402
599.0 0.0014124658
600.0 0.0012115516000000002
601.0 0.0011297892
602.0 0.0011199058
603.0 0.0011152663
604.0 0.0009156057
605.0 0.0008743088
606.0 0.0009399512
607.0 0.0009027288
608.0 0.0007787686
609.0 0.0009047886
610.0 0.0009631591
611.0 0.0008755654
612.0 0.0008686142
613.0 0.0008779793000000001
614.0 0.000931327
615.0 0.0010317453
616.0 0.0010172878
617.0 0.000943501
618.0 0.0009689334000000001
619.0 0.0009083858
620.0 0.0008593969
621.0 0.0010227165
622.0 0.0010722492
623.0 0.0011661807
624.0 0.0016436124000000002
625.0 0.0019065470000000002
626.0 0.0020347603
627.0 0.0020175497000000002
628.0 0.0018807560000000001
629.0 0.0018110032000000001
630.0 0.0017440728
631.0 0.0016140651
632.0 0.0016176922
633.0 0.0016790859
634.0 0.0016445423
635.0 0.0016886305000000002
636.0 0.0017140577
637.0 0.0017231627000000001
638.0 0.0018256446000000002
639.0 0.0019417421
640.0 0.0019450239
641.0 0.0017632989
642.0 0.0017074459
643.0 0.0018775754000000002
644.0 0.0023106187
645.0 0.0032569521
646.0 0.0093210856
647.0 0.0127118586
648.0 0.0108028579
649.0 0.0069104201
650.0 0.0041691831
651.0 0.0028635401
652.0 0.0025057932
653.0 0.0026628391
654.0 0.0028408718000000003
655.0 0.0030368641000000003
656.0 0.0033310715000000003
657.0 0.0036896319
658.0 0.004330945100000001
659.0 0.0049793907
660.0 0.0061286175
661.0 0.008256278300000001
662.0 0.0125914344
663.0 0.0208438487
664.0 0.0302207161
665.0 0.028339065400000002
666.0 0.0137867271
667.0 0.0175810292
668.0 0.0744036351
669.0 0.1744404096
670.0 0.2668952283
671.0 0.30109185250000003
672.0 0.2506044558
673.0 0.1536774452
674.0 0.0890675695
675.0 0.06156263100000001
676.0 0.0424661815
677.0 0.027766213300000002
678.0 0.0181644229
679.0 0.0125141081
680.0 0.009053145
681.0 0.0068128969000000004
682.0 0.0054918762
683.0 0.0045420544
684.0 0.0039100032000000005
685.0 0.0034758658
686.0 0.0033575486000000003
687.0 0.0036851775
688.0 0.0039935439
689.0 0.0039023380000000004
690.0 0.0026289757
691.0 0.0028515091
692.0 0.0030910522
693.0 0.0031698236
694.0 0.0032079362000000003
695.0 0.0034534079000000002
696.0 0.0034230666
697.0 0.0047042951
698.0 0.0072702609000000005
699.0 0.010523105000000001
700.0 0.0090949937
701.0 0.0052448344000000004
702.0 0.0028465349000000003
703.0 0.0019320828000000002
704.0 0.0014452722000000001
705.0 0.001367242
706.0 0.0013048296
707.0 0.0013220919000000002
708.0 0.0014462116
709.0 0.0015139336
710.0 0.0020634161000000002
711.0 0.0027231271
712.0 0.0022495874
713.0 0.0017690552000000001
714.0 0.0013599717
715.0 0.0011323692000000001
716.0 0.0010751466000000001
717.0 0.000945986
718.0 0.0008117219
719.0 0.0007894104000000001
720.0 0.0008250849
721.0 0.0008648908
722.0 0.0009734085
723.0 0.0011321371
724.0 0.0011807688
725.0 0.0011562293
726.0 0.0012045431
727.0 0.001045249
728.0 0.0009527965000000001
729.0 0.0010719598
730.0 0.0009692455
731.0 0.00105463
732.0 0.0009640740000000001
733.0 0.0010078595
734.0 0.0012132916
735.0 0.0011847098
736.0 0.0012957269
737.0 0.0014297045000000001
738.0 0.0015556297
739.0 0.0017709724000000001
740.0 0.0021372174
741.0 0.0027605564
742.0 0.0039301192
743.0 0.0061629918
744.0 0.0086224625
745.0 0.009559266700000001
746.0 0.0088155965
747.0 0.016465514900000002
748.0 0.0466314004
749.0 0.0895698053
750.0 0.1118237171
751.0 0.0959829376
752.0 0.0653801157
753.0 0.040326839100000005
754.0 0.0242246926
755.0 0.0145793795
756.0 0.0088809642
757.0 0.00562511
758.0 0.0038008594000000003
759.0 0.0026754244
760.0 0.0020692688000000002
761.0 0.0017272634
762.0 0.0014828078
763.0 0.0013471242
764.0 0.0010933566
765.0 0.0009223709
766.0 0.0009456857000000001
767.0 0.0008498567
768.0 0.0007968641
769.0 0.0007732222
770.0 0.0007107668
771.0 0.0005261263
772.0 0.0006150441000000001
773.0 0.0007340073000000001
774.0 0.0007606658
775.0 0.0009334629
776.0 0.0014804853
777.0 0.0020457275
778.0 0.0032952075000000003
779.0 0.0047577814
780.0 0.0016577504
781.0 0.0009429521000000001
782.0 0.0009922053
783.0 0.000866502
784.0 0.0007555599
785.0 0.0007451627
786.0 0.0008303389
787.0 0.0007684371
788.0 0.0007005738000000001
789.0 0.0008738632000000001
790.0 0.0009677097
791.0 0.0009176236
792.0 0.0008992723
793.0 0.000918514
794.0 0.0009643422
795.0 0.0011207483
796.0 0.0012616881
797.0 0.0012523602
798.0 0.0013541251000000001
799.0 0.0014650931
800.0 0.0014719364
801.0 0.0015685045
802.0 0.0017404722000000001
803.0 0.0018229532
804.0 0.0020559751000000003
805.0 0.0023806746
806.0 0.0025544006000000003
807.0 0.0029688019
808.0 0.0032889921
809.0 0.0038465637
810.0 0.0044002452
811.0 0.0051670822
812.0 0.006427217000000001
813.0 0.008505416600000001
814.0 0.0124288485
815.0 0.019295006700000002
816.0 0.0279423652
817.0 0.0330071252
818.0 0.0350265139
819.0 0.0730347388
820.0 0.2120551816
821.0 0.4416227431
822.0 0.523909084
823.0 0.3992744546
824.0 0.2454766639
825.0 0.138799628
826.0 0.0765078658
827.0 0.0434977956
828.0 0.0264167555
829.0 0.0171483522
830.0 0.011945281200000001
831.0 0.0089247897
832.0 0.006934921
833.0 0.0054707188000000006
834.0 0.004434020800000001
835.0 0.0037763323
836.0 0.0033412747000000002
837.0 0.0028936153
838.0 0.0026097291
839.0 0.0022720172
840.0 0.0021256256
841.0 0.0018157392
842.0 0.0016345370000000001
843.0 0.0015331819
844.0 0.0013006117000000001
845.0 0.0012242879
846.0 0.0011220922
847.0 0.0011374763
848.0 0.0011318429
849.0 0.0010476705
850.0 0.0009479083
851.0 0.0008565024
852.0 0.0007423808
853.0 0.0006397880000000001
854.0 0.0006919044
855.0 0.0007029616
856.0 0.0006789575000000001
857.0 0.0005983072
858.0 0.0005492643
859.0 0.0006152083
860.0 0.0006252358
861.0 0.0007563826
862.0 0.0006933857
863.0 0.0007841586000000001
864.0 0.0007578629000000001
865.0 0.0006749351
866.0 0.0006993019
867.0 0.0006785659
868.0 0.0006721431
869.0 0.0007004464
870.0 0.0007861981
871.0 0.0008766279
872.0 0.0008643264
873.0 0.0009536342
874.0 0.0009087436
875.0 0.0008802762
876.0 0.0008933352
877.0 0.0010497931
878.0 0.0018797003
879.0 0.0039043140000000003
880.0 0.004581501500000001
881.0 0.0045961228000000005
882.0 0.0026336049
883.0 0.0016632536000000002
884.0 0.0011393472
885.0 0.0011622041
886.0 0.0011558664
887.0 0.0011269137
888.0 0.0011705856
889.0 0.0010821627
890.0 0.0010179033
891.0 0.0010489426
892.0 0.0009475976
893.0 0.0009442105000000001
894.0 0.0008247775
895.0 0.0006434729000000001
896.0 0.0006597884
897.0 0.0007626221
898.0 0.0007524760000000001
899.0 0.0005368282
900.0 0.0004966104
901.0 0.0004889051
902.0 0.0005456364
903.0 0.0005196527
904.0 0.0005713208
905.0 0.0005911608
906.0 0.0006325607
907.0 0.00060797
908.0 0.0005602041
909.0 0.000628655
910.0 0.0007136876000000001
911.0 0.0007834178000000001
912.0 0.0008226179000000001
913.0 0.0006379051000000001
914.0 0.0006611095000000001
915.0 0.0005467613
916.0 0.0006032258
917.0 0.0007021890000000001
918.0 0.0006477060000000001
919.0 0.0006706804
920.0 0.0006064709
921.0 0.0007793648
922.0 0.0008117749
923.0 0.000966652
924.0 0.0009400451000000001
925.0 0.0010437179
926.0 0.0012326818
927.0 0.0014342683000000001
928.0 0.0017444614
929.0 0.0019744194
930.0 0.0018936756
931.0 0.0016888941
932.0 0.0017280373
933.0 0.0019084283
934.0 0.0020070676
935.0 0.0022471974
936.0 0.0025374102
937.0 0.0030738614
938.0 0.0035937683000000003
939.0 0.0040397307
940.0 0.0043794743
941.0 0.004018
942.0 0.0032188563
943.0 0.006189286600000001
944.0 0.0203577157
945.0 0.0444429623
946.0 0.0744400885
947.0 0.1189678438
948.0 0.1862302653
949.0 0.2521470565
950.0 0.26614382870000003
951.0 0.2099319767
952.0 0.1284367204
953.0 0.0687069928
954.0 0.0378020721
955.0 0.0224945289
956.0 0.014496926700000001
957.0 0.010201215500000001
958.0 0.0077613589
959.0 0.0061280121
960.0 0.0049184819000000005
961.0 0.003999446
962.0 0.0034475820000000003
963.0 0.00316714
964.0 0.0029266675
965.0 0.0025952895
966.0 0.0023388621
967.0 0.0021013987000000002
968.0 0.0019265048000000002
969.0 0.0018782979
970.0 0.0017709151000000001
971.0 0.0016698980000000002
972.0 0.001687981
973.0 0.0018236324
974.0 0.0017060415
975.0 0.0022007394
976.0 0.0039667992
977.0 0.0039750113
978.0 0.0049179022
979.0 0.0037155736
980.0 0.0042740736
981.0 0.0033833536
982.0 0.0028047631
983.0 0.0026033831
984.0 0.0024753345
985.0 0.0022473265
986.0 0.0019980951
987.0 0.0019161018
988.0 0.0018728908000000002
989.0 0.0017517134000000001
990.0 0.0016975236
991.0 0.001629346
992.0 0.0015236022
993.0 0.0017912293
994.0 0.0020254604
995.0 0.0023509407
996.0 0.0026558488
997.0 0.0035138761
998.0 0.0041230928
999.0 0.0041165439
1000.0 0.0033723025
1001.0 0.0034895104
1002.0 0.0071647115
1003.0 0.0145812192
1004.0 0.0250347431
1005.0 0.045176199
1006.0 0.07420727
1007.0 0.0906526909
1008.0 0.0797187999
1009.0 0.052592025
1010.0 0.0287060708
1011.0 0.0155560821
1012.0 0.0098707371
1013.0 0.0071336501000000005
1014.0 0.0054435575000000005
1015.0 0.0039545293000000006
1016.0 0.0031244344000000003
1017.0 0.0025515046
1018.0 0.0021302599
1019.0 0.0016535434
1020.0 0.0016416324
1021.0 0.0014537279
1022.0 0.0013774135
1023.0 0.0012795511000000001
1024.0 0.0011757644
1025.0 0.0011464578
1026.0 0.0010882745000000001
1027.0 0.0011451382
1028.0 0.0012292025
1029.0 0.0013128437
1030.0 0.0012886184
1031.0 0.0011430514
1032.0 0.0011880517
1033.0 0.0012963372000000001
1034.0 0.0013600925
1035.0 0.0014613292
1036.0 0.0013858931
1037.0 0.0014065577000000001
1038.0 0.0013970545
1039.0 0.0013655565000000001
1040.0 0.0014932373
1041.0 0.0014371303
1042.0 0.0018823468
1043.0 0.0019082696
1044.0 0.0020774476000000003
1045.0 0.0023261889
1046.0 0.0026359548
1047.0 0.0031651233000000003
1048.0 0.0039204533000000005
1049.0 0.0053176428
1050.0 0.0081386208
1051.0 0.0132512244
1052.0 0.0203962492
1053.0 0.0248854969
1054.0 0.0194753139
1055.0 0.0056306838
1056.0 0.0
1057.0 0.0124096968
1058.0 0.0514753905
1059.0 0.1060286156
1060.0 0.1672126874
1061.0 0.2244289112
1062.0 0.2360924426
1063.0 0.1871865667
1064.0 0.1162169207
1065.0 0.0706516878
1066.0 0.051882087800000004
1067.0 0.041564711000000004
1068.0 0.0315251648
1069.0 0.0225793328
1070.0 0.015931258400000002
1071.0 0.011502986000000002
1072.0 0.0086718069
1073.0 0.0067057069
1074.0 0.0052879644
1075.0 0.0043395280000000005
1076.0 0.0036506463
1077.0 0.0031121916
1078.0 0.0027854573
1079.0 0.0025178603
1080.0 0.0022670237
1081.0 0.0022218997
1082.0 0.0020377183
1083.0 0.0020533315
1084.0 0.0020301496
1085.0 0.0018972107
1086.0 0.001931788
1087.0 0.0018641974
1088.0 0.0018707475
1089.0 0.0018872046000000002
1090.0 0.0018956768
1091.0 0.0020182447
1092.0 0.0021550339
1093.0 0.0025743425
1094.0 0.0036177429
1095.0 0.0042846662
1096.0 0.0037544399000000003
1097.0 0.0030347732000000002
1098.0 0.0025281404
1099.0 0.0023896974000000002
1100.0 0.0026510181000000002
1101.0 0.0031116557000000003
1102.0 0.004010891
1103.0 0.0060525173
1104.0 0.0092282415
1105.0 0.0128478574
1106.0 0.0120454342
1107.0 0.0059304375
1108.0 0.0020448324
1109.0 0.0079302962
1110.0 0.025393313100000002
1111.0 0.053793932200000005
1112.0 0.09258202730000001
1113.0 0.1249296876
1114.0 0.1252680155
1115.0 0.09407092140000001
1116.0 0.0583930308
1117.0 0.0371479177
1118.0 0.027292398800000003
1119.0 0.020410985200000002
1120.0 0.0143338026
1121.0 0.0098901813
1122.0 0.0069991816
1123.0 0.0050429776
1124.0 0.003755668
1125.0 0.0028171747000000002
1126.0 0.0024257753
1127.0 0.0020016624
1128.0 0.0015814902000000001
1129.0 0.0014437351
1130.0 0.0012223029
1131.0 0.001247099
1132.0 0.0011112197000000001
1133.0 0.001068644
1134.0 0.0008965690000000001
1135.0 0.0007643319
1136.0 0.0008528992
1137.0 0.0008527701
1138.0 0.0006982201
1139.0 0.0006703747000000001
1140.0 0.00073984
1141.0 0.0007967055
1142.0 0.0008818013000000001
1143.0 0.0008734881
1144.0 0.0012818743
1145.0 0.0018022244
1146.0 0.0012605077000000001
1147.0 0.0012392843
1148.0 0.0013926072
1149.0 0.0014945648000000001
1150.0 0.0015074544
1151.0 0.0016705692
1152.0 0.0017955344
1153.0 0.0019446703
1154.0 0.0022736018
1155.0 0.0028602426
1156.0 0.0037176566
1157.0 0.0036542246
1158.0 0.0
1159.0 0.0
1160.0 0.0112016045
1161.0 0.0568544011
1162.0 0.11419373840000001
1163.0 0.1410915589
1164.0 0.1180032236
1165.0 0.0707217066
1166.0 0.0361813759
1167.0 0.0182469106
1168.0 0.0102575366
1169.0 0.006472393900000001
1170.0 0.0044480589
1171.0 0.0031165273
1172.0 0.0024873892
1173.0 0.0019324345
1174.0 0.0014406062000000002
1175.0 0.001146092
1176.0 0.0010015319
1177.0 0.0010240657
1178.0 0.0008278326
1179.0 0.0008401752
1180.0 0.0007175498
1181.0 0.0006712468000000001
1182.0 0.0006118214
1183.0 0.0005235137
1184.0 0.0004067138
1185.0 0.00030746200000000005
1186.0 0.00031309800000000004
1187.0 0.0003227785
1188.0 0.00047972110000000004
1189.0 0.0004560796
1190.0 0.00029962850000000003
1191.0 0.0003128446
1192.0 0.0005194822
1193.0 0.0005628406
1194.0 0.00046831790000000003
1195.0 0.0006783779000000001
1196.0 0.0007940172
1197.0 0.0009309866000000001
1198.0 0.0010199752
1199.0 0.0011385211
1200.0 0.0014135055
1201.0 0.001873836
1202.0 0.0026827587
1203.0 0.0036503841
1204.0 0.0045276133
1205.0 0.0051347764
1206.0 0.006283596000000001
1207.0 0.0103416127
1208.0 0.019148608100000002
1209.0 0.0308396122
1210.0 0.039738593
1211.0 0.041044058200000004
1212.0 0.0352128787
1213.0 0.0261627744
1214.0 0.0178281975
1215.0 0.0117759645
1216.0 0.007529027000000001
1217.0 0.0050800843
1218.0 0.0035825301
1219.0 0.0028527434
1220.0 0.0021703982
1221.0 0.0017769700000000001
1222.0 0.0015195084
1223.0 0.0015455995
1224.0 0.0014608988
1225.0 0.0011781202
1226.0 0.0010508971
1227.0 0.0010871277
1228.0 0.0010637033000000001
1229.0 0.0010807522
1230.0 0.0012471574
1231.0 0.0014309784
1232.0 0.0014393422
1233.0 0.0013803836
1234.0 0.0014807468
1235.0 0.0016272230000000001
1236.0 0.0017135173
1237.0 0.0018900211
1238.0 0.0021465346
1239.0 0.0023964919
1240.0 0.0024816182
1241.0 0.0029942023
1242.0 0.0037152196000000003
1243.0 0.0040929093
1244.0 0.0048406785
1245.0 0.0059372354
1246.0 0.008005129100000001
1247.0 0.0108522934
1248.0 0.0160997905
1249.0 0.0231015858
1250.0 0.0286575507
1251.0 0.0293286198
1252.0 0.0299490642
1253.0 0.0541033647
1254.0 0.1296044817
1255.0 0.2413132531
1256.0 0.3253302869
1257.0 0.32827948900000004
1258.0 0.2617703938
1259.0 0.17850891530000002
1260.0 0.1126177341
1261.0 0.07003030760000001
1262.0 0.0441712102
1263.0 0.028527863
1264.0 0.0193490864
1265.0 0.0138751546
1266.0 0.0104900674
1267.0 0.0079513977
1268.0 0.0063982842
1269.0 0.0051462916
1270.0 0.0043993926000000004
1271.0 0.0035177104
1272.0 0.0030271715
1273.0 0.0026322124000000002
1274.0 0.0022264932
1275.0 0.0019074467000000002
1276.0 0.0017553693
1277.0 0.0016351386000000002
1278.0 0.0014426459
1279.0 0.0012685551
1280.0 0.0011744463
1281.0 0.0010672029
1282.0 0.0009844862
1283.0 0.0009392152
1284.0 0.0008843117000000001
1285.0 0.0008701677000000001
1286.0 0.0008077889
1287.0 0.0007963791
1288.0 0.0007938288000000001
1289.0 0.0005871214
1290.0 0.000567751
1291.0 0.0009767559
1292.0 0.0008766666
1293.0 0.0008515084
1294.0 0.0007764907
1295.0 0.0008579236
1296.0 0.0004806238
1297.0 0.00042057630000000003
1298.0 0.00041136710000000003
1299.0 0.00028093570000000003
1300.0 0.00032820770000000003
1301.0 0.0002747162
1302.0 0.0004128688
1303.0 0.0004170217
1304.0 0.0003657192
1305.0 0.00041452080000000004
1306.0 0.0005603425
1307.0 0.0006132964000000001
1308.0 0.0005879626
1309.0 0.0005616139000000001
1310.0 0.0005306573
1311.0 0.0006001283
1312.0 0.0006429162000000001
1313.0 0.0006695921
1314.0 0.0005656266
1315.0 0.0006006306
1316.0 0.0005676953
1317.0 0.0008732497
1318.0 0.00046274930000000003
1319.0 0.0006173323
1320.0 0.0006991998
1321.0 0.0004543727
1322.0 0.0006975802
1323.0 0.0007566536
1324.0 0.0009107102000000001
1325.0 0.0008832782
1326.0 0.0011102154
1327.0 0.0015543710000000001
1328.0 0.0018833544
1329.0 0.0025466683000000003
1330.0 0.0035434384
1331.0 0.0047149324
1332.0 0.0053208329
1333.0 0.0045789985000000005
1334.0 0.0017324589
1335.0 0.0
1336.0 0.0
1337.0 0.0
1338.0 0.0038395306
1339.0 0.0113777889
1340.0 0.018862353300000002
1341.0 0.0248975808
1342.0 0.0299386056
1343.0 0.0345111737
1344.0 0.0377897675
1345.0 0.0390760579
1346.0 0.0299644731
1347.0 0.0161526075
1348.0 0.0082500323
1349.0 0.0054677441000000005
1350.0 0.0062908973
1351.0 0.0069628065
1352.0 0.0064389864
1353.0 0.0054559726
1354.0 0.0045523685
1355.0 0.0037448683000000003
1356.0 0.0033467419
1357.0 0.0027822686000000003
1358.0 0.0024901269
1359.0 0.0023327881
1360.0 0.0021942943
1361.0 0.0020052829
1362.0 0.0016910445
1363.0 0.0015234522
1364.0 0.0015426159
1365.0 0.0015473280000000002
1366.0 0.0014649152
1367.0 0.0014285629
1368.0 0.0014468841
1369.0 0.0016993404
1370.0 0.0021065677
1371.0 0.0027111977
1372.0 0.0036368365000000002
1373.0 0.0049921297
1374.0 0.0052496539
1375.0 0.0045203623000000005
1376.0 0.0031288989
1377.0 0.0021824239
1378.0 0.0030398181
1379.0 0.0058858658
1380.0 0.0090418966
1381.0 0.0130773352
1382.0 0.022731247700000002
1383.0 0.041265348
1384.0 0.0608609151
1385.0 0.0690258702
1386.0 0.061752869800000006
1387.0 0.0453898348
1388.0 0.028101969600000002
1389.0 0.0158477192
1390.0 0.0100563174
1391.0 0.0079733526
1392.0 0.0069893676
1393.0 0.0060432316
1394.0 0.004941214
1395.0 0.0039802119
1396.0 0.0031571592
1397.0 0.0026692437
1398.0 0.0023828311000000002
1399.0 0.0021141069
1400.0 0.0020320445
1401.0 0.0020278654
1402.0 0.0019777157
1403.0 0.0017863068000000001
1404.0 0.0019401824
1405.0 0.0017918961
1406.0 0.0018909983000000002
1407.0 0.0021966052
1408.0 0.0023990399000000003
1409.0 0.0029738127
1410.0 0.0036720554
1411.0 0.0049927626
1412.0 0.0071940885
1413.0 0.0104080421
1414.0 0.0128091199
1415.0 0.0117094776
1416.0 0.0067790237
1417.0 0.0019291374000000002
1418.0 0.0025969787
1419.0 0.0107428491
1420.0 0.024157196800000003
1421.0 0.0401391505
1422.0 0.058933257100000004
1423.0 0.08366608460000001
1424.0 0.1150606037
1425.0 0.1444231729
1426.0 0.15381603870000002
1427.0 0.1314024179
1428.0 0.0877789541
1429.0 0.0514292731
1430.0 0.032375568
1431.0 0.0261411297
1432.0 0.0230241926
1433.0 0.0188610513
1434.0 0.0143651213
1435.0 0.0108657284
1436.0 0.008552782600000001
1437.0 0.0068562530000000005
1438.0 0.0058096851
1439.0 0.0048275525
1440.0 0.0041065337000000006
1441.0 0.0035293715
1442.0 0.0031408013
1443.0 0.0029182196000000003
1444.0 0.0027354253
1445.0 0.0027262726000000003
1446.0 0.0025329832
1447.0 0.0023612529
1448.0 0.0023720346
1449.0 0.0023401913000000002
1450.0 0.0023284663
1451.0 0.0024396663
1452.0 0.0025851121
1453.0 0.0026452731
1454.0 0.0024938256
1455.0 0.0022955523000000003
1456.0 0.0029269833000000003
1457.0 0.0056336925
1458.0 0.0102489433
1459.0 0.0146803809
1460.0 0.0162422532
1461.0 0.017712942000000002
1462.0 0.0248017235
1463.0 0.040285757900000004
1464.0 0.0568491692
1465.0 0.0634672356
1466.0 0.054583042400000004
1467.0 0.0381079219
1468.0 0.0235744289
1469.0 0.0144448314
1470.0 0.0093060777
1471.0 0.0065188431
1472.0 0.0049741109
1473.0 0.0040082105000000005
1474.0 0.0034544302
1475.0 0.0031697006000000003
1476.0 0.0026736981
1477.0 0.0024341541
1478.0 0.0023420137000000002
1479.0 0.0022590412
1480.0 0.0023978446
1481.0 0.0025807089
1482.0 0.0027379291
1483.0 0.0028298575
1484.0 0.0028339180000000004
1485.0 0.0029882131
1486.0 0.0031456011
1487.0 0.0035426218
1488.0 0.0042615813
1489.0 0.005456434400000001
1490.0 0.0075277892
1491.0 0.0109103688
1492.0 0.0134490553
1493.0 0.0128499044
1494.0 0.008510164
1495.0 0.0036015073
1496.0 0.0028241435
1497.0 0.0078440939
1498.0 0.017693811
1499.0 0.0357274228
1500.0 0.065914861
1501.0 0.1027553991
1502.0 0.1286220408
1503.0 0.1310703848
1504.0 0.1107438184
1505.0 0.0799753869
1506.0 0.0541256161
1507.0 0.0393030127
1508.0 0.0316924499
1509.0 0.0258237066
1510.0 0.020115256800000002
1511.0 0.0151293029
1512.0 0.0114258989
1513.0 0.008907052300000001
1514.0 0.0070920293
1515.0 0.0057671026
1516.0 0.0049167193000000005
1517.0 0.0043001514000000005
1518.0 0.0038344277000000003
1519.0 0.0035225303
1520.0 0.0031330938000000003
1521.0 0.0031211081
1522.0 0.0029330083
1523.0 0.0028325983
1524.0 0.0027959542000000003
1525.0 0.002932736
1526.0 0.0032164127000000003
1527.0 0.0039666933
1528.0 0.0049245875
1529.0 0.0061353694
1530.0 0.0067702919
1531.0 0.006197389
1532.0 0.0047469083
1533.0 0.0046424502
1534.0 0.0059973396
1535.0 0.0090744156
1536.0 0.0141288522
1537.0 0.023246416000000002
1538.0 0.0361103563
1539.0 0.0477605386
1540.0 0.0506656123
1541.0 0.0436033486
1542.0 0.0318792254
1543.0 0.0217889617
1544.0 0.0159250434
1545.0 0.012472467400000001
1546.0 0.0099595046
1547.0 0.0077978698
1548.0 0.0059545374
1549.0 0.004687359
1550.0 0.0038016047000000003
1551.0 0.0032163559
1552.0 0.0029007342
1553.0 0.0025751752
1554.0 0.0023960769
1555.0 0.0024186513
1556.0 0.0021467238
1557.0 0.0020378006
1558.0 0.0019576646000000002
1559.0 0.0020518862000000002
1560.0 0.0021634461
1561.0 0.0020622260000000003
1562.0 0.0021472030000000003
1563.0 0.002361068
1564.0 0.0024921799
1565.0 0.0029046606
1566.0 0.0034889389000000003
1567.0 0.0043884881
1568.0 0.005400298
1569.0 0.0076131682
1570.0 0.0096537182
1571.0 0.0091609462
1572.0 0.0075730885
1573.0 0.0159376712
1574.0 0.044616293800000005
1575.0 0.0843488507
1576.0 0.107826611
1577.0 0.10066474660000001
1578.0 0.07341695570000001
1579.0 0.0453626441
1580.0 0.0268068727
1581.0 0.0164271416
1582.0 0.010736327300000001
1583.0 0.0077060052
1584.0 0.0058900252
1585.0 0.0047351588
1586.0 0.0039594461
1587.0 0.0034179177
1588.0 0.0029812674000000003
1589.0 0.0024922917
1590.0 0.0022528094000000003
1591.0 0.0022408478
1592.0 0.0022367289
1593.0 0.0020816434
1594.0 0.0017635971
1595.0 0.0016525306000000001
1596.0 0.0018548945000000001
1597.0 0.0018382566000000001
1598.0 0.0019172939000000001
1599.0 0.0014083399
1600.0 0.0014570712
1601.0 0.001699325
1602.0 0.0015253249
1603.0 0.0015893817
1604.0 0.0014012687
1605.0 0.0010889402000000001
1606.0 0.0012357045
1607.0 0.0011912604000000001
1608.0 0.0013172318000000001
1609.0 0.0012817388
1610.0 0.0012645224
1611.0 0.0010791712
1612.0 0.0013882399
1613.0 0.0012591783
1614.0 0.0011707813
1615.0 0.0012248846
1616.0 0.001401977
1617.0 0.0015558591
1618.0 0.0015989008000000002
1619.0 0.0015895804
1620.0 0.0018357855
1621.0 0.0017807231000000001
1622.0 0.0015532603
1623.0 0.0015727516
1624.0 0.0016115941
1625.0 0.0016017788000000002
1626.0 0.0015536475
1627.0 0.0015167277
1628.0 0.0015806794000000001
1629.0 0.0017530565
1630.0 0.001977042
1631.0 0.0020516059
1632.0 0.0023912113
1633.0 0.0031026078
1634.0 0.0038916189
1635.0 0.0054953534
1636.0 0.0077510484
1637.0 0.009740794300000001
1638.0 0.0100508787
1639.0 0.0081432955
1640.0 0.0055120887
1641.0 0.0035957562
1642.0 0.0037951929
1643.0 0.012712942000000001
1644.0 0.0419701799
1645.0 0.08844413570000001
1646.0 0.12169018270000001
1647.0 0.1204181613
1648.0 0.0925252507
1649.0 0.0627671937
1650.0 0.042979136800000005
1651.0 0.0313017725
1652.0 0.0229321263
1653.0 0.0168231054
1654.0 0.012375956300000001
1655.0 0.0089910826
1656.0 0.0070901994
1657.0 0.0056761197
1658.0 0.0048691586
1659.0 0.0041534873000000005
1660.0 0.0035984009
1661.0 0.0033351147
1662.0 0.0029098170000000003
1663.0 0.002800476
1664.0 0.0026387262
1665.0 0.0026439467
1666.0 0.0026409055
1667.0 0.0025818194
1668.0 0.0023912434
1669.0 0.0021657028
1670.0 0.0022311577
1671.0 0.0026168422
1672.0 0.0034367023
1673.0 0.0044415679
1674.0 0.005296686
1675.0 0.0062687437
1676.0 0.0079714943
1677.0 0.0106532656
1678.0 0.0137424781
1679.0 0.0169161992
1680.0 0.0193014117
1681.0 0.0204654781
1682.0 0.019889388600000002
1683.0 0.0173224315
1684.0 0.0135910749
1685.0 0.0097301065
1686.0 0.0067000728
1687.0 0.0047728597
1688.0 0.0037750805000000003
1689.0 0.0034339273
1690.0 0.0034157546000000002
1691.0 0.0033063872
1692.0 0.0030638581
1693.0 0.0033320622000000003
1694.0 0.0033636147000000003
1695.0 0.0033755735
1696.0 0.0041157218
1697.0 0.0052065986
1698.0 0.0067222818
1699.0 0.008702867000000001
1700.0 0.0104803637
1701.0 0.010215558900000001
1702.0 0.008265854000000001
1703.0 0.0053878327
1704.0 0.0046517524000000005
1705.0 0.0076435141
1706.0 0.0137844369
1707.0 0.0209926629
1708.0 0.0280988345
1709.0 0.0362556957
1710.0 0.0511726094
1711.0 0.07594109660000001
1712.0 0.1082311175
1713.0 0.14060127190000002
1714.0 0.16300393030000002
1715.0 0.1665825215
1716.0 0.14817064900000002
1717.0 0.1144019933
1718.0 0.0774368943
1719.0 0.0484478476
1720.0 0.0306852905
1721.0 0.0222227457
1722.0 0.0189890437
1723.0 0.0171169725
1724.0 0.014683973400000001
1725.0 0.0123019301
1726.0 0.010231895500000001
1727.0 0.0082315006
1728.0 0.007021948
1729.0 0.0061771213
1730.0 0.0057743842000000005
1731.0 0.0058836818
1732.0 0.006517088900000001
1733.0 0.006838332700000001
1734.0 0.00645512
1735.0 0.0050627665
1736.0 0.0030668332
1737.0 0.0017396433
1738.0 0.0011498193
1739.0 0.0026342937
1740.0 0.0049885841
1741.0 0.007448769500000001
1742.0 0.0100617056
1743.0 0.0145970513
1744.0 0.0213122247
1745.0 0.0298102396
1746.0 0.0381575084
1747.0 0.0441333267
1748.0 0.0423910224
1749.0 0.0343335987
1750.0 0.0226279043
1751.0 0.013203689000000001
1752.0 0.0074839825
1753.0 0.0050068628
1754.0 0.0051545314000000005
1755.0 0.0056026928000000005
1756.0 0.005433776600000001
1757.0 0.0048338835
1758.0 0.0041014455
1759.0 0.0033347251000000002
1760.0 0.0027487892000000002
1761.0 0.0022024514
1762.0 0.0019573255
1763.0 0.0016237883
1764.0 0.0012346006
1765.0 0.0013019012000000001
1766.0 0.0013177521
1767.0 0.0011348756
1768.0 0.0009801342
1769.0 0.0008978331
1770.0 0.000799325
1771.0 0.0007822744
1772.0 0.0007163231
1773.0 0.0007000120000000001
1774.0 0.0007948051
1775.0 0.0006737286
1776.0 0.0004773572
1777.0 0.0005352319
1778.0 0.0007163281
1779.0 0.0007583445
1780.0 0.0006766834
1781.0 0.0005552020000000001
1782.0 0.00044843810000000004
1783.0 0.0004367864
1784.0 0.0006811083
1785.0 0.0007115653
1786.0 0.0007321194000000001
1787.0 0.0008197156
1788.0 0.0008714742000000001
1789.0 0.0009412786
1790.0 0.0010563699
1791.0 0.0009323726
1792.0 0.001030869
1793.0 0.0012262156
1794.0 0.0014575569000000001
1795.0 0.0018349116
1796.0 0.0022588251
1797.0 0.002698685
1798.0 0.0029771603
1799.0 0.0030040278
1800.0 0.0028483714000000003
1801.0 0.0033102894000000002
1802.0 0.0046598426
1803.0 0.0069032971000000005
1804.0 0.0086128291
1805.0 0.0088842186
1806.0 0.0088459167
1807.0 0.012057184
1808.0 0.0211272245
1809.0 0.034518793400000004
1810.0 0.045615028700000004
1811.0 0.048658367
1812.0 0.0429668094
1813.0 0.032401016500000004
1814.0 0.021841863700000002
1815.0 0.0140193637
1816.0 0.00931924
1817.0 0.0069832414
1818.0 0.005975867100000001
1819.0 0.0050278819
1820.0 0.0044137924
1821.0 0.0038889778000000003
1822.0 0.003687085
1823.0 0.0033206342000000003
1824.0 0.0034948944000000003
1825.0 0.0042495175
1826.0 0.0053507957
1827.0 0.007382427400000001
1828.0 0.0098319689
1829.0 0.0111899896
1830.0 0.0100822535
1831.0 0.0064116601
1832.0 0.0024284708
1833.0 0.0007292900000000001
1834.0 0.0028064227
1835.0 0.0081523204
1836.0 0.0151271906
1837.0 0.022744478300000003
1838.0 0.0322648348
1839.0 0.0461071432
1840.0 0.0643795399
1841.0 0.0821237876
1842.0 0.0917207313
1843.0 0.0875551579
1844.0 0.0692842355
1845.0 0.045625414100000004
1846.0 0.0292341294
1847.0 0.019655924
1848.0 0.0170360671
1849.0 0.016703206300000002
1850.0 0.015241062000000001
1851.0 0.0128382383
1852.0 0.010178186300000001
1853.0 0.0078827707
1854.0 0.0061243748
1855.0 0.0048283557
1856.0 0.0039967785
1857.0 0.0031134975
1858.0 0.0024758883
1859.0 0.0021627451000000002
1860.0 0.001977525
1861.0 0.0016115221
1862.0 0.0014829274000000001
1863.0 0.0014305613
1864.0 0.0012898756
1865.0 0.0009661442
1866.0 0.0009737072
1867.0 0.0009877077
1868.0 0.0008537418
1869.0 0.0008575996
1870.0 0.0008136712
1871.0 0.0005162807000000001
1872.0 0.0006236276000000001
1873.0 0.0004551649
1874.0 0.0005033793
1875.0 0.000438031
1876.0 0.0002620889
1877.0 0.0005023312
1878.0 0.00014876870000000002
1879.0 0.0003819563
1880.0 0.0003078019
1881.0 0.0007041307
1882.0 0.0007405212
1883.0 0.0004707533
1884.0 0.0004049486
1885.0 0.0006866479000000001
1886.0 0.0003650183
1887.0 0.0005163896
1888.0 0.0007105202
1889.0 0.0003717576
1890.0 0.0
1891.0 0.0004446763
1892.0 0.0005909801
1893.0 0.0022252777
1894.0 0.0042002368
1895.0 0.0056364186
1896.0 0.0066685179
1897.0 0.0078805156
1898.0 0.0083666264
1899.0 0.010167536000000001
1900.0 0.0132283072
1901.0 0.0175808044
1902.0 0.022586068
1903.0 0.0272391835
1904.0 0.0289802195
1905.0 0.0261395172
1906.0 0.020464664900000002
1907.0 0.014201772100000001
1908.0 0.0092667762
1909.0 0.0062935148
1910.0 0.0044035505
1911.0 0.0032139860000000003
1912.0 0.0026221381
1913.0 0.0021364879
1914.0 0.0019463895000000001
1915.0 0.0018334545000000002
1916.0 0.0016289821
1917.0 0.0016407238
1918.0 0.0017886073
1919.0 0.0020759893
1920.0 0.0023244446
1921.0 0.0023349581000000003
1922.0 0.0024504825
1923.0 0.0030253835
1924.0 0.0043694038
1925.0 0.0060447981
1926.0 0.0071143615
1927.0 0.007538112400000001
1928.0 0.007957964
1929.0 0.0101130905
1930.0 0.0140928402
1931.0 0.0192411823
1932.0 0.022890164600000002
1933.0 0.023266361000000003
1934.0 0.02032071
1935.0 0.015552831000000001
1936.0 0.0107979999
1937.0 0.0074552514000000005
1938.0 0.0056049376
1939.0 0.0044028144
1940.0 0.0037510826
1941.0 0.0030264545
1942.0 0.0026115963
1943.0 0.0024728924
1944.0 0.0023721705
1945.0 0.0025679246000000003
1946.0 0.0028732568
1947.0 0.0033654149
1948.0 0.0041312161000000005
1949.0 0.0049703976
1950.0 0.0057255005
1951.0 0.0065560409
1952.0 0.0075856769
1953.0 0.0087295571
1954.0 0.0094655721
1955.0 0.0087680272
1956.0 0.0076200554
1957.0 0.011400011100000001
1958.0 0.0252127023
1959.0 0.047947927700000004
1960.0 0.0719683755
1961.0 0.0865378852
1962.0 0.0856141764
1963.0 0.0720126153
1964.0 0.0532068331
1965.0 0.0369552213
1966.0 0.025721724600000002
1967.0 0.018562210200000002
1968.0 0.013925520200000001
1969.0 0.010603595
1970.0 0.0082032531
1971.0 0.0065131822
1972.0 0.0053579254000000005
1973.0 0.0046333552000000005
1974.0 0.0042030727
1975.0 0.004066992
1976.0 0.0043302315
1977.0 0.0048822561
1978.0 0.005296304
1979.0 0.0054816605
1980.0 0.0055148034000000005
1981.0 0.0053742677
1982.0 0.0054999665
1983.0 0.006058525
1984.0 0.0071045082
1985.0 0.008687895900000001
1986.0 0.0126037614
1987.0 0.0197655768
1988.0 0.0287649091
1989.0 0.0360466709
1990.0 0.0392233119
1991.0 0.037756710400000004
1992.0 0.0322540161
1993.0 0.025224514700000002
1994.0 0.0189408164
1995.0 0.014328861
1996.0 0.011334434000000001
1997.0 0.0092357186
1998.0 0.007727712
1999.0 0.0063633556
2000.0 0.005424565100000001
2001.0 0.0047354421
2002.0 0.0043310402000000005
2003.0 0.0037973167
2004.0 0.0031265358
2005.0 0.0025027264
2006.0 0.0016466831000000002
2007.0 0.0011220787000000001
2008.0 0.0014337195000000001
2009.0 0.0028943285
2010.0 0.0058203202
2011.0 0.009651435100000001
2012.0 0.0124293714
2013.0 0.0124698327
2014.0 0.0114744157
2015.0 0.013817734000000002
2016.0 0.0246756359
2017.0 0.0426253593
2018.0 0.060612933
2019.0 0.0700861683
2020.0 0.0671242439
2021.0 0.054348784500000004
2022.0 0.0388992461
2023.0 0.0256577839
2024.0 0.0163001903
2025.0 0.0100997841
2026.0 0.0066120466
2027.0 0.0050241981
2028.0 0.0047994992000000005
2029.0 0.0049248338
2030.0 0.0048244002000000005
2031.0 0.004273734
2032.0 0.0037018488
2033.0 0.0027583901
2034.0 0.0018036074
2035.0 0.0013772515
2036.0 0.0009390938000000001
2037.0 0.0011392904
2038.0 0.00143607
2039.0 0.0022451298
2040.0 0.0033070114
2041.0 0.0044686102000000005
2042.0 0.0050319212
2043.0 0.0056618891
2044.0 0.0061369535
2045.0 0.0067988501
2046.0 0.0073897103
2047.0 0.0081220027
2048.0 0.008233046
2049.0 0.0081430505
2050.0 0.0070636146
2051.0 0.0053358749
2052.0 0.0036131324
2053.0 0.0026734701000000003
2054.0 0.0023624410000000003
2055.0 0.0028744305
2056.0 0.0042677634
2057.0 0.0052836975
2058.0 0.0059991217
2059.0 0.0062693534
2060.0 0.0057711814
2061.0 0.0052645067
2062.0 0.0053688847
2063.0 0.0060060278
2064.0 0.0065492257
2065.0 0.0075911597
2066.0 0.0094120705
2067.0 0.0118622402
2068.0 0.014512225
2069.0 0.0174354098
2070.0 0.023701284700000002
2071.0 0.0376087919
2072.0 0.0586504284
2073.0 0.0799754261
2074.0 0.0928662318
2075.0 0.0928099548
2076.0 0.0818609302
2077.0 0.0649000923
2078.0 0.047765784900000004
2079.0 0.033573144
2080.0 0.0228714853
2081.0 0.0156232265
2082.0 0.0115127376
2083.0 0.0099500811
2084.0 0.0091928474
2085.0 0.008317875800000001
2086.0 0.007101246
2087.0 0.0058972006
2088.0 0.0049268515
2089.0 0.0041096983
2090.0 0.0032039461
2091.0 0.0026369803000000002
2092.0 0.0023320718
2093.0 0.0020937051
2094.0 0.0016361377
2095.0 0.0013897869000000001
2096.0 0.0012632782000000001
2097.0 0.0011006454
2098.0 0.0010012483
2099.0 0.0007414849
2100.0 0.0005912242000000001
2101.0 0.0007249829
2102.0 0.0008270094
2103.0 0.0007999102
2104.0 0.0006624921
2105.0 0.0007296311
2106.0 0.0006848548
2107.0 0.0008570646
2108.0 0.0011837478
2109.0 0.0015667274
2110.0 0.0023275797
2111.0 0.0031572249
2112.0 0.0038485929
2113.0 0.0041894149000000006
2114.0 0.0037281174
2115.0 0.0023677637
2116.0 0.0004524034
2117.0 0.0
2118.0 0.0
2119.0 0.0
2120.0 0.0016859709
2121.0 0.0043941183
2122.0 0.0072365068000000005
2123.0 0.010466833600000001
2124.0 0.013701941300000001
2125.0 0.0168768663
2126.0 0.0210782875
2127.0 0.025976895000000003
2128.0 0.0309217573
2129.0 0.0337357742
2130.0 0.034572432300000004
2131.0 0.0312772619
2132.0 0.0231801708
2133.0 0.0156679206
2134.0 0.0097589608
2135.0 0.0060678767000000005
2136.0 0.0052975922
2137.0 0.0061219714000000005
2138.0 0.007444876400000001
2139.0 0.0079227108
2140.0 0.0074884742
2141.0 0.0065466154000000006
2142.0 0.0053584106
2143.0 0.0043201434
2144.0 0.0040741432
2145.0 0.0048562020000000004
2146.0 0.0060326798
2147.0 0.0074996213
2148.0 0.0089230019
2149.0 0.0100980155
2150.0 0.011263494
2151.0 0.013133138400000001
2152.0 0.0168405228
2153.0 0.021920613800000002
2154.0 0.0273310571
2155.0 0.031135021300000003
2156.0 0.031577045000000005
2157.0 0.0284256741
2158.0 0.0226262996
2159.0 0.0164031961
2160.0 0.0109442493
2161.0 0.0073447899
2162.0 0.0053544021
2163.0 0.004659212
2164.0 0.0046359152
2165.0 0.0045599559
2166.0 0.0041459866
2167.0 0.0034970948000000003
2168.0 0.0032702142
2169.0 0.0037155163
2170.0 0.0051021653
2171.0 0.0072310593
2172.0 0.0094901597
2173.0 0.0109588129
2174.0 0.0114635911
2175.0 0.0118076043
2176.0 0.0131187634
2177.0 0.0165252783
2178.0 0.0219260433
2179.0 0.029046321000000003
2180.0 0.0365388849
2181.0 0.0435151592
2182.0 0.0477087849
2183.0 0.047614719400000005
2184.0 0.0425537317
2185.0 0.0343418892
2186.0 0.0257494472
2187.0 0.0182577217
2188.0 0.0127689963
2189.0 0.009379311500000001
2190.0 0.006717056700000001
2191.0 0.0054221725
2192.0 0.0041699165
2193.0 0.0035891972
2194.0 0.0032004069
2195.0 0.0031842555
2196.0 0.003233717
2197.0 0.0035472993
2198.0 0.0037570087000000003
2199.0 0.0038282343000000003
2200.0 0.0035938299
2201.0 0.0029139608
2202.0 0.0018163426
2203.0 0.0022971398
2204.0 0.0046115302
2205.0 0.0097224384
2206.0 0.0149876381
2207.0 0.0181608587
2208.0 0.017366935400000002
2209.0 0.0144745467
2210.0 0.0111348097
2211.0 0.0078718382
2212.0 0.0059631821000000005
2213.0 0.0046815804
2214.0 0.0037297930000000003
2215.0 0.0033996604000000002
2216.0 0.0037742208000000003
2217.0 0.0041049314
2218.0 0.004191542
2219.0 0.0040356429
2220.0 0.0032429769
2221.0 0.0017343972
2222.0 0.0006091544
2223.0 0.0002724062
2224.0 0.0009873337
2225.0 0.0025618227000000003
2226.0 0.0044135726
2227.0 0.0058240247
2228.0 0.0076140019
2229.0 0.0101048842
2230.0 0.0143249382
2231.0 0.0201655104
2232.0 0.026964929500000002
2233.0 0.0324035481
2234.0 0.034159956000000005
2235.0 0.0306510451
2236.0 0.0225920218
2237.0 0.015264194100000001
2238.0 0.0100283109
2239.0 0.0068598373
2240.0 0.006128325400000001
2241.0 0.0065278260000000005
2242.0 0.0068347754000000005
2243.0 0.0067303165
2244.0 0.005957483600000001
2245.0 0.004988742
2246.0 0.004305992000000001
2247.0 0.0038837702
2248.0 0.0042976363
2249.0 0.0053550307
2250.0 0.0062819762
2251.0 0.0067685296
2252.0 0.0068817596000000005
2253.0 0.0066499794000000004
2254.0 0.0072630418
2255.0 0.009449065500000001
2256.0 0.0127299236
2257.0 0.0164137282
2258.0 0.0192421178
2259.0 0.0206331714
2260.0 0.0194347998
2261.0 0.016232198
2262.0 0.0124552692
2263.0 0.0091679732
2264.0 0.0066337734
2265.0 0.0056694388
2266.0 0.0053925143
2267.0 0.005562792400000001
2268.0 0.0057124981
2269.0 0.0060476199000000005
2270.0 0.0055341897
2271.0 0.0045157806
2272.0 0.0032427448
2273.0 0.0024420785
2274.0 0.0027906192
2275.0 0.0039351557
2276.0 0.005561465000000001
2277.0 0.007556453
2278.0 0.009326760600000001
2279.0 0.0122424734
2280.0 0.0173508083
2281.0 0.0249219502
2282.0 0.0331504049
2283.0 0.0393276003
2284.0 0.0415170692
2285.0 0.039052773900000004
2286.0 0.0329133083
2287.0 0.0241759553
2288.0 0.0170603403
2289.0 0.0124638584
2290.0 0.0098312376
2291.0 0.0091316034
2292.0 0.008316340200000001
2293.0 0.0072755194
2294.0 0.0061464552
2295.0 0.0048867024
2296.0 0.0040235015
2297.0 0.0032676783
2298.0 0.0027008365
2299.0 0.0020116495
2300.0 0.0014436822
2301.0 0.0013353808
2302.0 0.0011654129
2303.0 0.0010261324
2304.0 0.0008386081
2305.0 0.0007095888
2306.0 0.0006519418
2307.0 0.0005200734
2308.0 0.0002819411
2309.0 0.0003319631
2310.0 0.0004561545
2311.0 0.0004765832
2312.0 0.0003892947
2313.0 0.00035937590000000003
2314.0 0.00037342960000000003
2315.0 0.000422681
2316.0 0.00039476860000000003
2317.0 0.00031955840000000003
2318.0 0.00022047280000000001
2319.0 0.0005258947
2320.0 0.0006226878
2321.0 0.0006921563
2322.0 0.0008941161000000001
2323.0 0.0011544251
2324.0 0.0012963588000000001
2325.0 0.0009811074
2326.0 7.070850000000001e-05
2327.0 0.0
2328.0 0.0
2329.0 0.0013017385000000002
2330.0 0.0043761681
2331.0 0.0079142895
2332.0 0.011256128800000001
2333.0 0.014064025
2334.0 0.014354370100000001
2335.0 0.012282597000000001
2336.0 0.0089522922
2337.0 0.0057487281
2338.0 0.0037632709000000003
2339.0 0.0029232963000000002
2340.0 0.0022587472000000003
2341.0 0.0021841368
2342.0 0.0021949207
2343.0 0.0024314076000000002
2344.0 0.0021448382
2345.0 0.0021531739000000003
2346.0 0.0019178595
2347.0 0.0021552192
2348.0 0.0026216506
2349.0 0.0031136786
2350.0 0.0037553902
2351.0 0.0044681848
2352.0 0.0047966045
2353.0 0.0053714731
2354.0 0.006983722
2355.0 0.008992075700000001
2356.0 0.011475545600000001
2357.0 0.0135412508
2358.0 0.014186442300000001
2359.0 0.0133801599
2360.0 0.011495987800000001
2361.0 0.009564083900000001
2362.0 0.0079988468
2363.0 0.0069267889000000004
2364.0 0.0059714078
2365.0 0.0052129699
2366.0 0.0043863166000000006
2367.0 0.0035275521000000002
2368.0 0.0032756649
2369.0 0.0036266351
2370.0 0.0047411012
2371.0 0.007185484000000001
2372.0 0.010647898900000001
2373.0 0.0139269923
2374.0 0.0157592805
2375.0 0.015348831600000001
2376.0 0.014520401
2377.0 0.016244634100000002
2378.0 0.022941300600000002
2379.0 0.0354147535
2380.0 0.0507153222
2381.0 0.0647162678
2382.0 0.0715907013
2383.0 0.0698084363
2384.0 0.060923048800000004
2385.0 0.048516912
2386.0 0.0365720328
2387.0 0.026756690200000002
2388.0 0.0181772074
2389.0 0.012369857100000001
2390.0 0.0083740407
2391.0 0.0058178011000000005
2392.0 0.005292293
2393.0 0.0053886636
2394.0 0.0059615585
2395.0 0.0065104749
2396.0 0.0076004932
2397.0 0.0088201465
2398.0 0.0094744313
2399.0 0.0100540435
2400.0 0.010590887200000001
2401.0 0.0110187668
2402.0 0.011546026800000001
2403.0 0.0125626165
2404.0 0.0137184438
2405.0 0.0153639295
2406.0 0.0171317648
2407.0 0.0184509622
2408.0 0.0181931969
2409.0 0.0162892196
2410.0 0.0131991962
2411.0 0.0100119734
2412.0 0.0070263369
2413.0 0.0049567399
2414.0 0.0040952426
2415.0 0.0041007397
2416.0 0.0043922519000000005
2417.0 0.0051491798000000005
2418.0 0.0052006774
2419.0 0.005044984000000001
2420.0 0.0047963063
2421.0 0.0048951041
2422.0 0.0047562454
2423.0 0.005521252
2424.0 0.007152204400000001
2425.0 0.009806468300000001
2426.0 0.0135842774
2427.0 0.0173381405
2428.0 0.0200656244
2429.0 0.021756890100000002
2430.0 0.022051119100000002
2431.0 0.020911127800000002
2432.0 0.019037946
2433.0 0.0165804466
2434.0 0.0138249345
2435.0 0.0115024342
2436.0 0.0096468265
2437.0 0.0077515706
2438.0 0.006395080500000001
2439.0 0.0055525991000000005
2440.0 0.0051892147
2441.0 0.004975168800000001
2442.0 0.0049934245
2443.0 0.0052627281
2444.0 0.0056468578
2445.0 0.0062948189000000005
2446.0 0.006962677400000001
2447.0 0.007504335700000001
2448.0 0.008687117000000001
2449.0 0.0100087988
2450.0 0.0116344346
2451.0 0.0130778726
2452.0 0.0136834464
2453.0 0.0145127507
2454.0 0.0148035085
2455.0 0.0143082251
2456.0 0.0135438642
2457.0 0.0123408979
2458.0 0.0113337701
2459.0 0.0091644334
2460.0 0.007364399000000001
2461.0 0.0056041824
2462.0 0.0047587118
2463.0 0.0042960658
2464.0 0.0048628628
2465.0 0.006129383600000001
2466.0 0.0085095755
2467.0 0.0119992011
2468.0 0.0148923063
2469.0 0.0173116556
2470.0 0.0189795817
2471.0 0.021002549500000002
2472.0 0.025171727
2473.0 0.032915277300000004
2474.0 0.043425746800000005
2475.0 0.0537852418
2476.0 0.060895631500000005
2477.0 0.0627949788
2478.0 0.0585510351
2479.0 0.049278646100000004
2480.0 0.037156768800000003
2481.0 0.0270088251
2482.0 0.0190318241
2483.0 0.0129104289
2484.0 0.0095460068
2485.0 0.0077673936
2486.0 0.0075332386000000005
2487.0 0.007659511000000001
2488.0 0.007490442000000001
2489.0 0.0066069559
2490.0 0.0057271182
2491.0 0.0048722929
2492.0 0.0042156504
2493.0 0.0038405844000000003
2494.0 0.0033609376000000002
2495.0 0.0028835745
2496.0 0.0025016156
2497.0 0.0026353786
2498.0 0.0022556399
2499.0 0.0022327314
2500.0 0.0021742172
2501.0 0.0019512527000000001
2502.0 0.0020542899000000002
2503.0 0.0022131607000000003
2504.0 0.0022279387000000003
2505.0 0.0022859086
2506.0 0.0026151003
2507.0 0.0032590049
2508.0 0.0037881025
2509.0 0.0044771937
2510.0 0.0051130371
2511.0 0.0057664572
2512.0 0.0060683448
2513.0 0.0057109857
2514.0 0.0052913508000000005
2515.0 0.0044848574
2516.0 0.0048856539
2517.0 0.0084597956
2518.0 0.0151483138
2519.0 0.0241653444
2520.0 0.033396024
2521.0 0.040426720400000005
2522.0 0.0437271969
2523.0 0.04280554
2524.0 0.037714894900000004
2525.0 0.031104353
2526.0 0.024308218700000002
2527.0 0.018742123200000002
2528.0 0.0144066092
2529.0 0.011638495700000001
2530.0 0.0092474432
2531.0 0.0071977943
2532.0 0.0061815442
2533.0 0.0055932914
2534.0 0.0053082648
2535.0 0.0050898284
2536.0 0.0049680027
2537.0 0.0046370848
2538.0 0.0042007516
2539.0 0.0038287759000000003
2540.0 0.0044313674
2541.0 0.0054820737
2542.0 0.0070384651
2543.0 0.0087690374
2544.0 0.0103747091
2545.0 0.0109683191
2546.0 0.0099469607
2547.0 0.0088187686
2548.0 0.0070439548
2549.0 0.0056552446000000004
2550.0 0.0041253228
2551.0 0.0031468952000000003
2552.0 0.0020241096000000003
2553.0 0.0017966902000000002
2554.0 0.0019073142
2555.0 0.0017294551
2556.0 0.0019428385
2557.0 0.0024823062
2558.0 0.0030849935
2559.0 0.0037682680000000004
2560.0 0.0045300837000000005
2561.0 0.0055050875
2562.0 0.0064466511
2563.0 0.0075370011
2564.0 0.0091046766
2565.0 0.010655232300000001
2566.0 0.0120951713
2567.0 0.0130160556
2568.0 0.01304756
2569.0 0.0124917039
2570.0 0.0112028575
2571.0 0.0093127555
2572.0 0.0073695373
2573.0 0.0053147926
2574.0 0.0040585871
2575.0 0.0032848309
2576.0 0.0033293599
2577.0 0.003746886
2578.0 0.0048030412
2579.0 0.0058821266
2580.0 0.006948334600000001
2581.0 0.007601848600000001
2582.0 0.008000347100000001
2583.0 0.0078642738
2584.0 0.008283872900000001
2585.0 0.0096516406
2586.0 0.0126027529
2587.0 0.016400912900000002
2588.0 0.0201409825
2589.0 0.022696807200000002
2590.0 0.0230234837
2591.0 0.020810247900000002
2592.0 0.0170594061
2593.0 0.0124846316
2594.0 0.0086779166
2595.0 0.0059523867
2596.0 0.004327501
2597.0 0.0034402675
2598.0 0.0033468634
2599.0 0.0032654387
2600.0 0.0030837394
2601.0 0.0026319868
2602.0 0.0021399069
2603.0 0.0019284638
2604.0 0.0017405052000000001
2605.0 0.00132996
2606.0 0.0013267084000000001
2607.0 0.0012373217
2608.0 0.0010825981
2609.0 0.0010671684
2610.0 0.0009226908
2611.0 0.0007586666000000001
2612.0 0.0007968213000000001
2613.0 0.0008277351
2614.0 0.0008550446
2615.0 0.0007877039
2616.0 0.0008364379000000001
2617.0 0.0009543783000000001
2618.0 0.0011509632000000001
2619.0 0.0018832966
2620.0 0.0022590756
2621.0 0.0028500174
2622.0 0.0032611258
2623.0 0.0039636776
2624.0 0.0044475161
2625.0 0.0044823442
2626.0 0.0041605503
2627.0 0.0041076295
2628.0 0.0047177833
2629.0 0.0058448568
2630.0 0.0078291223
2631.0 0.009846829100000001
2632.0 0.011697271
2633.0 0.0124427237
2634.0 0.012315297400000001
2635.0 0.0115779082
2636.0 0.0102690175
2637.0 0.0090528985
2638.0 0.0077711667
2639.0 0.0064666827
2640.0 0.0058056706
2641.0 0.0047855825
2642.0 0.0048159441
2643.0 0.006398314
2644.0 0.0076051839000000005
2645.0 0.0090186467
2646.0 0.0107228562
2647.0 0.0120428958
2648.0 0.013479222
2649.0 0.0153583066
2650.0 0.0186344716
2651.0 0.0229430149
2652.0 0.028468073400000002
2653.0 0.0343907627
2654.0 0.0402384823
2655.0 0.0438521143
2656.0 0.0441722811
2657.0 0.0405463101
2658.0 0.033371305500000004
2659.0 0.0254218396
2660.0 0.0189082767
2661.0 0.014060523600000001
2662.0 0.0104550365
2663.0 0.0086149876
2664.0 0.0077924827000000006
2665.0 0.007148516000000001
2666.0 0.0055618347000000005
2667.0 0.0044669384
2668.0 0.0037983461000000002
2669.0 0.0031390444000000003
2670.0 0.0025040233000000003
2671.0 0.0020310420000000003
2672.0 0.0016676867
2673.0 0.0017421238
2674.0 0.0016455348
2675.0 0.0014184681
2676.0 0.0010698297
2677.0 0.0009349741
2678.0 0.000885331
2679.0 0.0007973186000000001
2680.0 0.00037760260000000004
2681.0 9.457850000000001e-05
2682.0 9.1961e-06
2683.0 0.0002167866
2684.0 0.0
2685.0 0.0
2686.0 0.0
2687.0 0.0001405987
2688.0 0.0010033692000000001
2689.0 0.0008493101000000001
2690.0 0.0011928715
2691.0 0.0014989285
2692.0 0.001509607
2693.0 0.0019351637
2694.0 0.0024790209
2695.0 0.0024236913
2696.0 0.0023283461000000003
2697.0 0.0026586197
2698.0 0.0029551822000000003
2699.0 0.0029269948000000003
2700.0 0.0029246333
2701.0 0.0026004679000000003
2702.0 0.0028552442
2703.0 0.0024044073
2704.0 0.0020647799
2705.0 0.0017907633
2706.0 0.0018642057
2707.0 0.0023492182
2708.0 0.0029973027
2709.0 0.0040479992
2710.0 0.0050456575
2711.0 0.005604157
2712.0 0.006250207000000001
2713.0 0.0069039968
2714.0 0.0076208531
2715.0 0.0085400657
2716.0 0.0097748486
2717.0 0.0112005766
2718.0 0.012165035400000001
2719.0 0.012920034200000001
2720.0 0.012773937400000001
2721.0 0.0125325973
2722.0 0.0115456699
2723.0 0.0096344333
2724.0 0.0082992042
2725.0 0.006064355600000001
2726.0 0.005592946200000001
2727.0 0.0047921744
2728.0 0.0051973226
2729.0 0.0062454105000000005
2730.0 0.0074176164
2731.0 0.0087565901
2732.0 0.0094141548
2733.0 0.010170300200000001
2734.0 0.0118106228
2735.0 0.015270298100000001
2736.0 0.020615786400000002
2737.0 0.027313698
2738.0 0.0338340377
2739.0 0.0387569038
2740.0 0.0413102221
2741.0 0.0405763367
2742.0 0.0363396947
2743.0 0.030387472000000002
2744.0 0.0242298021
2745.0 0.0180675458
2746.0 0.013457724400000001
2747.0 0.010222871500000001
2748.0 0.0075403593000000005
2749.0 0.0064628698
2750.0 0.0054563347
2751.0 0.0052354245
2752.0 0.0050627109000000005
2753.0 0.0051731357
2754.0 0.0049766171000000005
2755.0 0.004735365
2756.0 0.0051506302
2757.0 0.0055134817000000004
2758.0 0.0063972305
2759.0 0.007379163100000001
2760.0 0.008194274
2761.0 0.00835528
2762.0 0.0076583352000000006
2763.0 0.006099088000000001
2764.0 0.0048720984
2765.0 0.0030153751000000003
2766.0 0.0020925690000000003
2767.0 0.0022072637
2768.0 0.0020621050000000003
2769.0 0.0027641802000000003
2770.0 0.0038561876000000003
2771.0 0.0044360665
2772.0 0.0049220937000000005
2773.0 0.0053422370000000005
2774.0 0.005094787700000001
2775.0 0.0047774327000000005
2776.0 0.0054710148
2777.0 0.0080913862
2778.0 0.0129808375
2779.0 0.0186836749
2780.0 0.0244526361
2781.0 0.0276892827
2782.0 0.0286939457
2783.0 0.0277121955
2784.0 0.0236652317
2785.0 0.0197687203
2786.0 0.0156593573
2787.0 0.011974629700000001
2788.0 0.008386901
2789.0 0.0054798939
2790.0 0.0039985386000000005
2791.0 0.0037374063
2792.0 0.0043059455
2793.0 0.0050296476
2794.0 0.0058374346
2795.0 0.006452877
2796.0 0.0073760969
2797.0 0.007622653300000001
2798.0 0.0087438598
2799.0 0.009471302800000001
2800.0 0.009969647100000001
2801.0 0.0101902638
2802.0 0.0108083273
2803.0 0.010891625700000001
2804.0 0.0099252205
2805.0 0.0089901835
2806.0 0.0073247049
2807.0 0.0059604018
2808.0 0.0051114771
2809.0 0.004200327
2810.0 0.0039127305
2811.0 0.0042519401000000005
2812.0 0.0051441906
2813.0 0.0055816161
2814.0 0.005859352700000001
2815.0 0.0041384573000000004
2816.0 0.0037804814
2817.0 0.003535002
2818.0 0.0045900547
2819.0 0.007166976
2820.0 0.011775604700000001
2821.0 0.01628126
2822.0 0.0203932965
2823.0 0.0220643004
2824.0 0.0213216313
2825.0 0.0183062719
2826.0 0.0140271083
2827.0 0.009857174100000001
2828.0 0.0068723130000000006
2829.0 0.0048476029
2830.0 0.0028185317000000002
2831.0 0.0029141213
2832.0 0.0018179888
2833.0 0.0011553885
2834.0 0.0008665121
2835.0 0.0004355632
2836.0 0.0006930609
2837.0 0.0004261135
2838.0 0.00018143210000000001
2839.0 6.06887e-05
2840.0 0.0002105706
2841.0 0.0006099584
2842.0 0.0006359332
2843.0 0.0007744690000000001
2844.0 0.0012746123
2845.0 0.0005279069000000001
2846.0 0.0
2847.0 0.0
2848.0 0.0
2849.0 0.0
2850.0 0.0001794024
2851.0 0.0007066357000000001
2852.0 0.0017232815
2853.0 0.0022128399
2854.0 0.002865354
2855.0 0.0035199174
2856.0 0.0042185017
2857.0 0.00528372
2858.0 0.0064355803
2859.0 0.007621040900000001
2860.0 0.0084605363
2861.0 0.0097638755
2862.0 0.0117492401
2863.0 0.0134734941
2864.0 0.014873334700000001
2865.0 0.015273782900000001
2866.0 0.014327954
2867.0 0.012150675100000001
2868.0 0.0094178553
2869.0 0.007178987
2870.0 0.0048707702
2871.0 0.0034749569000000003
2872.0 0.0031431275
2873.0 0.0034485813
2874.0 0.0040246412
2875.0 0.0045042909
2876.0 0.0047984627000000005
2877.0 0.0054083168
2878.0 0.0046974036
2879.0 0.0054552363
2880.0 0.0055756007
2881.0 0.0060678555
2882.0 0.0066082682000000005
2883.0 0.0069271485
2884.0 0.0070891757
2885.0 0.0065877477
2886.0 0.006604073
2887.0 0.006330569800000001
2888.0 0.0061469681000000005
2889.0 0.0051433758
2890.0 0.0048178976
2891.0 0.0050711763
2892.0 0.0059397714
2893.0 0.0068732726
2894.0 0.0089791534
2895.0 0.0093920878
2896.0 0.010452045
2897.0 0.0126711983
2898.0 0.0156898881
2899.0 0.020044226800000002
2900.0 0.0261553629
2901.0 0.0318380379
2902.0 0.0361841554
2903.0 0.038421411600000004
2904.0 0.0379664289
2905.0 0.0350965331
2906.0 0.0301677555
2907.0 0.0252827246
2908.0 0.0193922878
2909.0 0.0157371231
2910.0 0.0125292839
2911.0 0.0103175779
2912.0 0.0092924704
2913.0 0.0088264608
2914.0 0.0082676294
2915.0 0.008010761
2916.0 0.0078470472
2917.0 0.0078427662
2918.0 0.0081364529
2919.0 0.0092698862
2920.0 0.009309934800000001
2921.0 0.010118920200000001
2922.0 0.0102057918
2923.0 0.0111825875
2924.0 0.0102002897
2925.0 0.009182409400000001
2926.0 0.0079735356
2927.0 0.0065175594
2928.0 0.0055015724
2929.0 0.0044701705000000005
2930.0 0.004609073
2931.0 0.004931966
2932.0 0.0049323005
2933.0 0.0044282271
2934.0 0.0038414737
2935.0 0.0033149228
2936.0 0.0032229299
2937.0 0.0035346644
2938.0 0.0039101451
2939.0 0.0049772076
2940.0 0.0064992349
2941.0 0.0083633518
2942.0 0.0102487528
2943.0 0.011773071500000001
2944.0 0.011814228900000001
2945.0 0.0114145622
2946.0 0.0098754168
2947.0 0.0078447571
2948.0 0.0065594334
2949.0 0.0047480682
2950.0 0.004721211800000001
2951.0 0.005259607
2952.0 0.0048226077
2953.0 0.0048593053
2954.0 0.0042747893
2955.0 0.0042305208
2956.0 0.0038142282000000003
2957.0 0.0039604777
2958.0 0.0051610116
2959.0 0.006565999
2960.0 0.0086828416
2961.0 0.009951503
2962.0 0.0107298687
2963.0 0.0105866099
2964.0 0.0095158482
2965.0 0.0078110207
2966.0 0.0067575771
2967.0 0.0053224544
2968.0 0.0049363834
2969.0 0.0041536975
2970.0 0.0038612323
2971.0 0.0035613984
2972.0 0.0034939147
2973.0 0.0036423347000000003
2974.0 0.0039492436
2975.0 0.0046424207
2976.0 0.0052403092
2977.0 0.0066623118
2978.0 0.008852732
2979.0 0.010654752200000001
2980.0 0.0120216245
2981.0 0.0129810047
2982.0 0.013609645600000001
2983.0 0.0131129683
2984.0 0.0119814754
2985.0 0.0103303625
2986.0 0.0079731855
2987.0 0.006679290300000001
2988.0 0.0048384032
2989.0 0.0030211352
2990.0 0.0026189386
2991.0 0.0026446492000000003
2992.0 0.0014542546
2993.0 0.0009399054
2994.0 0.0007121288000000001
2995.0 0.00032992890000000004
2996.0 0.0010767925
2997.0 0.0008551710000000001
2998.0 0.00039451950000000003
2999.0 0.0008924821
3000.0 0.0005199481
3001.0 0.0006975594000000001
3002.0 0.0006400855
3003.0 6.91735e-05
3004.0 0.0
3005.0 0.0003086237
3006.0 0.00018431830000000001
3007.0 9.264040000000001e-05
3008.0 0.0006649187
3009.0 0.0009130953
3010.0 0.0011595112
3011.0 0.0013052232
3012.0 0.0023741629000000003
3013.0 0.0021289754
3014.0 0.0031126310000000003
3015.0 0.00384972
3016.0 0.0047582259
3017.0 0.0059395554
3018.0 0.0072958565000000005
3019.0 0.0080589289
3020.0 0.0089473125
3021.0 0.008593934400000001
3022.0 0.0078924166
3023.0 0.0068862044
3024.0 0.0064829936000000005
3025.0 0.005816588100000001
3026.0 0.0048178919
3027.0 0.0052660073
3028.0 0.0049444347
3029.0 0.0050139358
3030.0 0.0055596154000000005
3031.0 0.0056027835
3032.0 0.0053519978
3033.0 0.0054613352
3034.0 0.0060044334
3035.0 0.0071435108
3036.0 0.0077794984
3037.0 0.0089058408
3038.0 0.009882647900000001
3039.0 0.010100093400000001
3040.0 0.0095120789
3041.0 0.0084067085
3042.0 0.0067940597000000005
3043.0 0.0058445005000000005
3044.0 0.004880549200000001
3045.0 0.004463231000000001
3046.0 0.0038220776000000003
3047.0 0.0038423117
3048.0 0.0043223194
3049.0 0.0048288216
3050.0 0.0052962628
3051.0 0.0061191417000000005
3052.0 0.0073542418
3053.0 0.007733742000000001
3054.0 0.007717927800000001
3055.0 0.009282852000000001
3056.0 0.0100857836
3057.0 0.0109434727
3058.0 0.011245513
3059.0 0.011321376900000001
3060.0 0.0103729218
3061.0 0.010310196800000001
3062.0 0.009641403100000001
3063.0 0.0075570871
3064.0 0.006965578
3065.0 0.0068195342
3066.0 0.0063458749
3067.0 0.0056672909
3068.0 0.0052339827000000005
3069.0 0.005063899
3070.0 0.0049784226
3071.0 0.0061399041
3072.0 0.0067434423
3073.0 0.0089936671
3074.0 0.0099836807
3075.0 0.0109996645
3076.0 0.0127628563
3077.0 0.012940474
3078.0 0.0126021886
3079.0 0.011304364400000001
3080.0 0.0098154565
3081.0 0.0082244885
3082.0 0.0067177557
3083.0 0.0058337121
3084.0 0.0055020500000000005
3085.0 0.0048498231
3086.0 0.0049540196
3087.0 0.0044889845
3088.0 0.0043658735
3089.0 0.0050106236
3090.0 0.0068524518
3091.0 0.0079958469
3092.0 0.0097859528
3093.0 0.0136044906
3094.0 0.0153572398
3095.0 0.016959701
3096.0 0.0167760285
3097.0 0.016145469500000002
3098.0 0.0148942093
3099.0 0.0124552084
3100.0 0.0097580974
3101.0 0.0074466882
3102.0 0.006733139500000001
3103.0 0.005843199800000001
3104.0 0.0055969829
3105.0 0.0062178662
3106.0 0.0058600128
3107.0 0.0065989275
3108.0 0.0068283707
3109.0 0.006528087300000001
3110.0 0.0061289174
3111.0 0.0058375789
3112.0 0.0052965167
3113.0 0.0048542951
3114.0 0.0043372946
3115.0 0.0037056182
3116.0 0.0044554878000000004
3117.0 0.0056893874
3118.0 0.0059812626
3119.0 0.0068481847
3120.0 0.0075596921
3121.0 0.007828816
3122.0 0.0084445326
3123.0 0.0088734541
3124.0 0.009376609900000001
3125.0 0.0100732828
3126.0 0.0107077718
3127.0 0.0128201336
3128.0 0.0136947036
3129.0 0.0172621455
3130.0 0.0197686186
3131.0 0.0223096056
3132.0 0.025458398700000003
3133.0 0.0265184638
3134.0 0.026768011300000002
3135.0 0.025548903600000002
3136.0 0.022828207700000002
3137.0 0.019104489000000002
3138.0 0.0147549162
3139.0 0.0122385286
3140.0 0.0089674243
3141.0 0.0064555727
3142.0 0.0039825249
3143.0 0.0033950355
3144.0 0.0027539246000000002
3145.0 0.0026678448000000002
3146.0 0.002486711
3147.0 0.0033309847
3148.0 0.0028018870000000003
3149.0 0.0019368034
3150.0 0.0026431594
3151.0 0.0023744674
3152.0 0.0020247081
3153.0 0.0020670685
3154.0 0.0018890232000000002
3155.0 0.0014782545
3156.0 0.0016790843
3157.0 0.0022523768000000002
3158.0 0.0027793506
3159.0 0.0021830852
3160.0 0.0026059421
3161.0 0.0022750881000000002
3162.0 0.0020704916
3163.0 0.0019528253000000001
3164.0 0.0017091063
3165.0 0.0028803063
3166.0 0.0048319523
3167.0 0.00694963
3168.0 0.010134618000000001
3169.0 0.011222289100000001
3170.0 0.0117296996
3171.0 0.0106388461
3172.0 0.0101323429
3173.0 0.0086954426
3174.0 0.0074090116
3175.0 0.006809811000000001
3176.0 0.0065042789
3177.0 0.0071765901000000005
3178.0 0.0072550977
3179.0 0.006898065100000001
3180.0 0.007424373200000001
3181.0 0.0071918532
3182.0 0.007788333200000001
3183.0 0.0083686047
3184.0 0.0088618421
3185.0 0.0094135539
3186.0 0.0103848073
3187.0 0.0109277656
3188.0 0.011594700500000001
3189.0 0.011617845600000001
3190.0 0.0101291628
3191.0 0.0107529199
3192.0 0.008700343900000001
3193.0 0.0087847301
3194.0 0.0088587623
3195.0 0.0086176932
3196.0 0.0085730882
3197.0 0.008745595
3198.0 0.0087389274
3199.0 0.008790713300000001
3200.0 0.0105715306
3201.0 0.0139757613
3202.0 0.0170260105
3203.0 0.0200532151
3204.0 0.023867324000000002
3205.0 0.026229124200000002
3206.0 0.0265682179
3207.0 0.025729536400000003
3208.0 0.0230543297
3209.0 0.0191950902
3210.0 0.0159127058
3211.0 0.0131210769
3212.0 0.0109494308
3213.0 0.0094161235
3214.0 0.0084755122
3215.0 0.007612531200000001
3216.0 0.005901626
3217.0 0.0062873302
3218.0 0.0064457870000000006
3219.0 0.0059012183
3220.0 0.0053261617
3221.0 0.006569396000000001
3222.0 0.0057499762000000005
3223.0 0.0057568334
3224.0 0.0061855645
3225.0 0.0055335479000000005
3226.0 0.0047303394
3227.0 0.0048060997
3228.0 0.0043692934
3229.0 0.0031751288
3230.0 0.0029565767
3231.0 0.0016258816
3232.0 0.0009952563
3233.0 0.0007257654
3234.0 0.0004106536
3235.0 0.0007332543
3236.0 0.0011755874
3237.0 0.0011861866
3238.0 0.0010875235000000001
3239.0 0.0008815261
3240.0 0.0006645272
3241.0 0.0007328980000000001
3242.0 0.0008338483
3243.0 0.0005828879
3244.0 0.0003450253
3245.0 0.0008236427
3246.0 0.001827229
3247.0 0.0008007358000000001
3248.0 0.0004339878
3249.0 0.0012677502
3250.0 0.0010670340000000001
3251.0 0.00112294
3252.0 0.0017308407
3253.0 0.0013501374
3254.0 0.0015763203
3255.0 0.002765108
3256.0 0.0029008132
3257.0 0.0033691791
3258.0 0.0016052584
3259.0 0.003459366
3260.0 0.0031249582000000002
3261.0 0.0032887881
3262.0 0.002875514
3263.0 0.0027604440000000004
3264.0 0.0034708329
3265.0 0.0047246791
3266.0 0.0036604481
3267.0 0.0049867418000000005
3268.0 0.0062340457
3269.0 0.0054568736
3270.0 0.0055595092
3271.0 0.0057303741
3272.0 0.007346751800000001
3273.0 0.0084453384
3274.0 0.0106035791
3275.0 0.0131344002
3276.0 0.0149971353
3277.0 0.0157513891
3278.0 0.0183176135
3279.0 0.0163696756
3280.0 0.0145647667
3281.0 0.0128107636
3282.0 0.010090381
3283.0 0.0077800125
3284.0 0.0058076995
3285.0 0.0036692924000000003
3286.0 0.0022965748000000003
3287.0 0.0001606664
3288.0 0.0012489913
3289.0 0.0012086892
3290.0 0.0009127396000000001
3291.0 0.0004933302
3292.0 0.0012891641
3293.0 0.0017065382000000001
3294.0 0.0010081687
3295.0 0.0001724921
3296.0 0.0
3297.0 0.0
3298.0 0.0
3299.0 0.0
3300.0 0.0
3301.0 0.0003855973
3302.0 0.0
3303.0 0.0
3304.0 0.0006218687
3305.0 0.0
3306.0 0.0004946908
3307.0 0.0009882317
3308.0 0.0011912654
3309.0 0.0024564222000000003
3310.0 0.0046261585
3311.0 0.0048757454
3312.0 0.0059183533
3313.0 0.0054593661
3314.0 0.0042449387
3315.0 0.0042922504
3316.0 0.0034485574000000002
3317.0 0.0027294709
3318.0 0.002441201
3319.0 0.0019870379
3320.0 0.0016440584
3321.0 0.0020448207
3322.0 0.0013815497
3323.0 0.0016480934000000001
3324.0 0.0014823085
3325.0 0.0017477349
3326.0 0.0023787406
3327.0 0.0028146151
3328.0 0.0024394474
3329.0 0.0028325709000000003
3330.0 0.0025837732
3331.0 0.0030806922
3332.0 0.0039093517
3333.0 0.0033895977
3334.0 0.0032713218
3335.0 0.0036419703
3336.0 0.0032915575000000002
3337.0 0.0044362859
3338.0 0.0049055115
3339.0 0.0047520063
3340.0 0.0051230063
3341.0 0.0062223673
3342.0 0.008002036
3343.0 0.0098336636
3344.0 0.0120836759
3345.0 0.0123431189
3346.0 0.0154477642
3347.0 0.0166637762
3348.0 0.0160562751
3349.0 0.0164906156
3350.0 0.015115944400000001
3351.0 0.0135712559
3352.0 0.0111378711
3353.0 0.0099227568
3354.0 0.008145223
3355.0 0.0065325512
3356.0 0.005939573
3357.0 0.0054734592
3358.0 0.0039058376000000003
3359.0 0.0048010028
3360.0 0.0061468536
3361.0 0.0055484705
3362.0 0.0057491355000000004
3363.0 0.0056468561
3364.0 0.0070516079
3365.0 0.0073391043000000005
3366.0 0.0079153961
3367.0 0.007182468700000001
3368.0 0.0063494474
3369.0 0.0056655792000000005
3370.0 0.0052844625
3371.0 0.0039886308
3372.0 0.0024597128
3373.0 0.0027102734
3374.0 0.0019331441000000002
3375.0 0.0024390130000000003
3376.0 0.0029391795000000003
3377.0 0.0023873220000000003
3378.0 0.0041553897000000005
3379.0 0.0043217128
3380.0 0.0056152822
3381.0 0.0046499968
3382.0 0.0060874682000000005
3383.0 0.0056141365
3384.0 0.0059718682
3385.0 0.0065094783000000005
3386.0 0.0070426535
3387.0 0.0078088553000000005
3388.0 0.0074104073000000005
3389.0 0.0068395082
3390.0 0.0062820523
3391.0 0.00665466
3392.0 0.0052879338
3393.0 0.0059940099000000005
3394.0 0.005413406700000001
3395.0 0.0061565303
3396.0 0.0070823330000000006
3397.0 0.0072718223
3398.0 0.0081924015
3399.0 0.0086991727
3400.0 0.0090978879
3401.0 0.0093766027
3402.0 0.0078309329
3403.0 0.006770954500000001
3404.0 0.0067162982
3405.0 0.0064397599000000005
3406.0 0.0056999435000000005
3407.0 0.004614216
3408.0 0.0051564782
3409.0 0.0041702527
3410.0 0.0042889431
3411.0 0.0048714150000000005
3412.0 0.0052408113
3413.0 0.0046538113
3414.0 0.004543147500000001
3415.0 0.0055038506000000004
3416.0 0.0057843511000000005
3417.0 0.0067743995
3418.0 0.0081404842
3419.0 0.0068274047
3420.0 0.0058198852
3421.0 0.0061323938
3422.0 0.0043580077
3423.0 0.0045587504000000004
3424.0 0.0037657227000000002
3425.0 0.0014651754000000001
3426.0 0.0006066967
3427.0 0.0012124251
3428.0 0.0023530971
3429.0 0.0013148619
3430.0 0.0005061256
3431.0 0.0016640585000000001
3432.0 0.0030280239000000002
3433.0 0.0023501594000000002
3434.0 0.0035944731
3435.0 0.0019527224
3436.0 0.0061691211
3437.0 0.0057469179000000006
3438.0 0.0064656475
3439.0 0.006690757
3440.0 0.0048143815
3441.0 0.0039230665
3442.0 0.0078731749
3443.0 0.0080332178
3444.0 0.008799185000000001
3445.0 0.009443821
3446.0 0.0099791935
3447.0 0.0109131437
3448.0 0.0116947516
3449.0 0.0151032933
3450.0 0.0163038819
3451.0 0.0162912061
3452.0 0.01502276
3453.0 0.015540163800000001
3454.0 0.0139167775
3455.0 0.0133783684
3456.0 0.0121957434
3457.0 0.0120372701
3458.0 0.0136861625
3459.0 0.0113623725
3460.0 0.0092417887
3461.0 0.0099178589
3462.0 0.0102028352
3463.0 0.0110386877
3464.0 0.0137809466
3465.0 0.0092192225
3466.0 0.013374258
3467.0 0.015144935000000002
3468.0 0.0134142328
3469.0 0.0086003834
3470.0 0.0110962336
3471.0 0.011718043800000001
3472.0 0.0162186341
3473.0 0.014311403200000001
3474.0 0.013379338900000001
3475.0 0.0120173769
3476.0 0.015495211200000001
3477.0 0.014621292900000001
3478.0 0.012587838700000001
3479.0 0.0173257756
3480.0 0.013899773300000001
3481.0 0.017382567
3482.0 0.0129713845
3483.0 0.0205814198
3484.0 0.0164492928
3485.0 0.0155690932
3486.0 0.0153075187
3487.0 0.0072893955
