! NMF Generated XRD
! Source = nmfMapping@PDFitc
! Created by = Zachary
! Date = 20211116215106507480
! PDFitc UUID = 261fbdf0
! q Intensity
! 
0.0 0.0007965155
1.0 0.0008099306
2.0 0.0008232889
3.0 0.0008367099
4.0 0.000858407
5.0 0.0009155529
6.0 0.0010302414
7.0 0.0011703552
8.0 0.001876854
9.0 0.003364483
10.0 0.0067777947
11.0 0.0117419069
12.0 0.0146284272
13.0 0.015075397
14.0 0.015377004500000001
15.0 0.0165727619
16.0 0.0159054339
17.0 0.0151927463
18.0 0.0156479495
19.0 0.0177233509
20.0 0.015900189000000002
21.0 0.0147630277
22.0 0.015943577
23.0 0.0163811038
24.0 0.015205569700000001
25.0 0.0151234899
26.0 0.0157853773
27.0 0.015018510700000001
28.0 0.0138655159
29.0 0.0125138646
30.0 0.0121679981
31.0 0.0101939419
32.0 0.0065958227
33.0 0.0047867548
34.0 0.0037465754
35.0 0.0034386313000000003
36.0 0.0033150256000000003
37.0 0.0033777086000000003
38.0 0.0033686384000000003
39.0 0.0032824693
40.0 0.0033194164
41.0 0.003437321
42.0 0.0033938039000000002
43.0 0.0032749355000000003
44.0 0.0033629325
45.0 0.0034219503
46.0 0.0033285141000000003
47.0 0.003263592
48.0 0.003348531
49.0 0.0034169545
50.0 0.0033090913000000002
51.0 0.0033296176
52.0 0.0034012025
53.0 0.0033853745
54.0 0.0033597804000000003
55.0 0.0034000899
56.0 0.0034290245000000003
57.0 0.0034117181000000002
58.0 0.0034157806
59.0 0.0034508499
60.0 0.0034558202
61.0 0.0034420769
62.0 0.0034500911
63.0 0.0034954609
64.0 0.0034937077
65.0 0.0034875177
66.0 0.003517768
67.0 0.0035606978
68.0 0.0035706376
69.0 0.0035635673000000002
70.0 0.0035846986
71.0 0.0036038178000000003
72.0 0.0036080496
73.0 0.0036374039000000003
74.0 0.0036822795000000003
75.0 0.0036988633000000003
76.0 0.0037176679000000003
77.0 0.0037649884
78.0 0.0038123361
79.0 0.0038870156
80.0 0.0038874299000000003
81.0 0.0039915399
82.0 0.0040168406
83.0 0.0040385859
84.0 0.0040901142
85.0 0.0041177704
86.0 0.0041228361
87.0 0.0041189112
88.0 0.0040997777000000004
89.0 0.0040826840000000005
90.0 0.0040534772
91.0 0.0040203039
92.0 0.0040379461
93.0 0.0039943010000000004
94.0 0.0039702272
95.0 0.0039511741000000005
96.0 0.0039657378
97.0 0.0039350541
98.0 0.0039091899
99.0 0.0039132113
100.0 0.0039238910000000005
101.0 0.0038965221
102.0 0.0038871260000000003
103.0 0.0039079151
104.0 0.00390693
105.0 0.0038790520000000005
106.0 0.0038728848000000003
107.0 0.003891312
108.0 0.0038841453
109.0 0.0038597646
110.0 0.0038857694
111.0 0.0038740503
112.0 0.0038702486
113.0 0.0038740289
114.0 0.0039088809
115.0 0.003873375
116.0 0.0038683914000000002
117.0 0.0038780696000000003
118.0 0.0038699882
119.0 0.0038648126000000002
120.0 0.0038501276000000003
121.0 0.0038592311000000003
122.0 0.0038646815
123.0 0.0038181854
124.0 0.0038371712
125.0 0.0038572214000000002
126.0 0.0037909881
127.0 0.0037989206
128.0 0.0038185143
129.0 0.0038487683000000003
130.0 0.0037913795000000003
131.0 0.0038198076000000004
132.0 0.003841479
133.0 0.003838545
134.0 0.0037924009000000003
135.0 0.0037877818000000003
136.0 0.0038032242
137.0 0.0037998717
138.0 0.0037837849
139.0 0.0037661611
140.0 0.0037837187
141.0 0.0037699055
142.0 0.0037323626
143.0 0.0037262034
144.0 0.0037699815
145.0 0.0037332357000000004
146.0 0.0037168097
147.0 0.0037238644
148.0 0.0037128856
149.0 0.0037017681000000003
150.0 0.0037076793000000003
151.0 0.0036962306
152.0 0.0036901973
153.0 0.0036784553000000003
154.0 0.0036701218
155.0 0.0036879710000000004
156.0 0.0036504903000000003
157.0 0.0036485963
158.0 0.0036807992000000003
159.0 0.0036693232
160.0 0.0036434585
161.0 0.0036066241
162.0 0.0036356393
163.0 0.0035912279
164.0 0.0035800787000000002
165.0 0.0035721075000000003
166.0 0.0035831185000000003
167.0 0.0036011443000000002
168.0 0.0035976355000000002
169.0 0.0035727205000000003
170.0 0.0035549691000000003
171.0 0.003553126
172.0 0.0035387115
173.0 0.0035243812
174.0 0.0035400896
175.0 0.0035077791
176.0 0.0034993992000000003
177.0 0.0034841390000000002
178.0 0.0034634878
179.0 0.0034414295
180.0 0.0034775935
181.0 0.0034569661
182.0 0.0034230419000000002
183.0 0.0034184866000000003
184.0 0.0034035126000000002
185.0 0.0033752916
186.0 0.0033815714
187.0 0.0034113489
188.0 0.0034031086
189.0 0.0033634428
190.0 0.0033646772
191.0 0.0033972867
192.0 0.0033704955
193.0 0.0033692328
194.0 0.0033636201
195.0 0.0033600725
196.0 0.0033320168
197.0 0.00330304
198.0 0.0033261448000000003
199.0 0.0033048468
200.0 0.003264533
201.0 0.0032742160000000004
202.0 0.0032922859
203.0 0.0032776107
204.0 0.0032582951
205.0 0.0032630555
206.0 0.0033101337
207.0 0.0032605677
208.0 0.0032584747
209.0 0.0032411627
210.0 0.0032397088000000003
211.0 0.0032229941000000003
212.0 0.0032458537
213.0 0.0032651619000000002
214.0 0.0032420318
215.0 0.003222112
216.0 0.0032195016000000003
217.0 0.0032228591000000003
218.0 0.0032173288
219.0 0.0032107162000000002
220.0 0.0032376512000000003
221.0 0.0032336741000000002
222.0 0.0032003139
223.0 0.00320168
224.0 0.0032363469
225.0 0.0031820944
226.0 0.0031752964000000003
227.0 0.0032285535
228.0 0.0032365486000000003
229.0 0.0031460668
230.0 0.0031975281000000003
231.0 0.0032752474
232.0 0.0032679496000000002
233.0 0.0032357567
234.0 0.0032342817
235.0 0.0032394647000000003
236.0 0.0032259135
237.0 0.0032463923
238.0 0.0032557364
239.0 0.0032788162
240.0 0.0032262637000000003
241.0 0.0032545318
242.0 0.0033062293
243.0 0.0032831621
244.0 0.0032600672000000002
245.0 0.0032818353
246.0 0.0033155895
247.0 0.0033171569000000002
248.0 0.0033114683000000002
249.0 0.0033322449
250.0 0.0033291818
251.0 0.0032992279
252.0 0.0033370792000000002
253.0 0.0033716626000000003
254.0 0.0033638628000000003
255.0 0.0033570226
256.0 0.0033664568
257.0 0.0033826064
258.0 0.0033684642000000003
259.0 0.0034262789
260.0 0.0034132564
261.0 0.0034110908
262.0 0.0034302340000000003
263.0 0.0034329010000000004
264.0 0.0034484721
265.0 0.0034547930000000003
266.0 0.0034529387000000003
267.0 0.0034767763
268.0 0.0034827987000000003
269.0 0.0034953393
270.0 0.0035169003
271.0 0.0035577976000000003
272.0 0.0035654389
273.0 0.0035809224
274.0 0.0036063320000000003
275.0 0.0036766992
276.0 0.0036680531
277.0 0.0037276739000000002
278.0 0.0037659305
279.0 0.0038086262000000004
280.0 0.0038496473
281.0 0.0038671642000000003
282.0 0.0038877868
283.0 0.0039019949
284.0 0.0038934793
285.0 0.0039252718
286.0 0.0039360427000000005
287.0 0.0039400588
288.0 0.0038963066
289.0 0.0038614984000000002
290.0 0.0038713995
291.0 0.0038500827
292.0 0.0038475503
293.0 0.0038552633
294.0 0.0037803370000000004
295.0 0.0036917394
296.0 0.0036266993000000003
297.0 0.0035453866
298.0 0.0034696185
299.0 0.0034098646
300.0 0.0033475026000000002
301.0 0.0033344066
302.0 0.0032456843
303.0 0.0032117222000000003
304.0 0.0031841028
305.0 0.0031270335
306.0 0.0031089654
307.0 0.0031206833
308.0 0.0030889140000000003
309.0 0.0030733684
310.0 0.0030608947
311.0 0.0030873133
312.0 0.0030901989
313.0 0.0030752441
314.0 0.0030820891
315.0 0.0030775716
316.0 0.0030545213000000002
317.0 0.0030665735
318.0 0.0030991031000000002
319.0 0.0031823701
320.0 0.0031992869000000003
321.0 0.0033007429
322.0 0.0034665539
323.0 0.0037477457
324.0 0.0041709819000000006
325.0 0.0049342627
326.0 0.0062202803000000004
327.0 0.0087391499
328.0 0.0141839957
329.0 0.0259846688
330.0 0.0467762496
331.0 0.0719237726
332.0 0.09269840630000001
333.0 0.1077586999
334.0 0.11756122620000001
335.0 0.1069905864
336.0 0.07082008420000001
337.0 0.0342521045
338.0 0.0157528714
339.0 0.008806138100000001
340.0 0.0053499615
341.0 0.0031821485000000003
342.0 0.0008551516000000001
343.0 0.0
344.0 0.0
345.0 0.0003026182
346.0 0.0017029833
347.0 0.0019109445
348.0 0.0021418275
349.0 0.0021638722
350.0 0.0020441192
351.0 0.0020379433
352.0 0.0020299849
353.0 0.0020391727
354.0 0.0021413165
355.0 0.0024228248
356.0 0.0028324013
357.0 0.0035792095
358.0 0.0045480903
359.0 0.0052652569
360.0 0.0054001848
361.0 0.0050564294000000004
362.0 0.0044948114
363.0 0.0038834112000000003
364.0 0.0032998922
365.0 0.0027619050000000003
366.0 0.0022718074
367.0 0.0019166706
368.0 0.00167767
369.0 0.0015871630000000002
370.0 0.0015108031
371.0 0.0014001748
372.0 0.0013813674
373.0 0.0013505455
374.0 0.0013254805000000001
375.0 0.0012875636
376.0 0.0013001830000000001
377.0 0.0012506697
378.0 0.0012197012
379.0 0.0012531961
380.0 0.0012863971000000001
381.0 0.0012965283
382.0 0.0012645016000000001
383.0 0.0012281983000000001
384.0 0.0011216794000000001
385.0 0.0008204316
386.0 0.0
387.0 0.0
388.0 0.0
389.0 0.0
390.0 0.0
391.0 0.0001478511
392.0 0.0009114863000000001
393.0 0.0012063065
394.0 0.0013039564000000001
395.0 0.0013374790000000001
396.0 0.0013237815
397.0 0.0013231798000000001
398.0 0.0013349058
399.0 0.0013111283
400.0 0.0013294315
401.0 0.0013561968
402.0 0.0013863199
403.0 0.0013648974
404.0 0.0013898684
405.0 0.0013787966
406.0 0.0014120698
407.0 0.0014324545
408.0 0.0014883351
409.0 0.0015588592
410.0 0.001638548
411.0 0.0017882558000000002
412.0 0.0019412077000000002
413.0 0.0020084041
414.0 0.0020712530000000003
415.0 0.0021409593
416.0 0.0020294213
417.0 0.0018461773000000002
418.0 0.0017001275
419.0 0.0016317787
420.0 0.0016158829
421.0 0.0016961517000000001
422.0 0.0017902129
423.0 0.0018444253000000001
424.0 0.0020351276
425.0 0.0020906781
426.0 0.0020413877
427.0 0.0019594251
428.0 0.0018910012
429.0 0.0018534443
430.0 0.0018581515000000001
431.0 0.0018923999
432.0 0.0018861253
433.0 0.0019504677
434.0 0.0020315813000000003
435.0 0.0020360072
436.0 0.0020862143
437.0 0.002163748
438.0 0.0022410708000000002
439.0 0.0022908850000000003
440.0 0.0024424384
441.0 0.0025744227
442.0 0.0026960502000000003
443.0 0.0028031059
444.0 0.0028875013000000003
445.0 0.0029828782
446.0 0.0031411887000000003
447.0 0.0033381373000000002
448.0 0.0035031482000000003
449.0 0.0036990972000000002
450.0 0.003978486900000001
451.0 0.0042081525
452.0 0.0044995541
453.0 0.0046953146
454.0 0.0049504264
455.0 0.0053597089
456.0 0.0058809388
457.0 0.0064618475
458.0 0.0071158579000000005
459.0 0.0079294479
460.0 0.0088956338
461.0 0.0102095468
462.0 0.0120347126
463.0 0.0145994708
464.0 0.0185715125
465.0 0.0251045217
466.0 0.0367182517
467.0 0.059413966500000005
468.0 0.10574000730000001
469.0 0.2087227139
470.0 0.4505681029
471.0 0.8728494551
472.0 1.1410753221
473.0 1.0476781126
474.0 0.7355637463
475.0 0.4375906035
476.0 0.2320460016
477.0 0.11486873510000001
478.0 0.0591906389
479.0 0.0345408098
480.0 0.022758149000000002
481.0 0.0167501395
482.0 0.013120358700000001
483.0 0.0107611504
484.0 0.0091375056
485.0 0.0080058138
486.0 0.0071399691
487.0 0.0064384748
488.0 0.0058300178
489.0 0.0052698492
490.0 0.0047865239
491.0 0.0043421319
492.0 0.0039856294
493.0 0.0036341325
494.0 0.0033298026
495.0 0.0030768429
496.0 0.0028926301000000002
497.0 0.0027271219
498.0 0.0024959216
499.0 0.0023740237
500.0 0.0021050944
501.0 0.0017733875000000001
502.0 0.0015936828
503.0 0.0019029452000000001
504.0 0.0022959316
505.0 0.0024676318
506.0 0.0027030899
507.0 0.0029880933
508.0 0.0032431027
509.0 0.0033785929
510.0 0.0033346998000000003
511.0 0.0031160016
512.0 0.0027854703
513.0 0.0025294991
514.0 0.0023767252
515.0 0.0021734179000000003
516.0 0.0020653769
517.0 0.0019312197
518.0 0.0017098647
519.0 0.0014611067
520.0 0.0012096227
521.0 0.0010778451
522.0 0.0010381839000000001
523.0 0.0009315419
524.0 0.0008281115
525.0 0.0008969914
526.0 0.0008702442
527.0 0.0007924309
528.0 0.000768095
529.0 0.0007385281
530.0 0.0006949500000000001
531.0 0.0006746128
532.0 0.0006513984
533.0 0.000657496
534.0 0.0006230905
535.0 0.0005970791000000001
536.0 0.0007276915
537.0 0.000609223
538.0 0.0005960792
539.0 0.00066482
540.0 0.0006723940000000001
541.0 0.0006637452
542.0 0.0006494019000000001
543.0 0.0006639729000000001
544.0 0.000664627
545.0 0.0007094537
546.0 0.0007085707000000001
547.0 0.0006863404
548.0 0.0007659788
549.0 0.0007916125
550.0 0.000806989
551.0 0.0009066940000000001
552.0 0.0009071572000000001
553.0 0.0009341919
554.0 0.0009647765
555.0 0.0010200046000000001
556.0 0.0010972577
557.0 0.0012008393
558.0 0.0013335707
559.0 0.0014643792
560.0 0.0015572784
561.0 0.0017292330000000002
562.0 0.0018753119
563.0 0.002034017
564.0 0.0022707136
565.0 0.0024753748
566.0 0.0026889372000000003
567.0 0.0029894244
568.0 0.0033895558
569.0 0.0040902845
570.0 0.0049003395
571.0 0.006263622700000001
572.0 0.008549971200000001
573.0 0.012703805200000001
574.0 0.0207819242
575.0 0.038613494400000004
576.0 0.0811000245
577.0 0.1776685921
578.0 0.33972181760000003
579.0 0.4593406987
580.0 0.3984984305
581.0 0.2133692463
582.0 0.0779224518
583.0 0.0314374308
584.0 0.0168955096
585.0 0.0110233767
586.0 0.0078572903
587.0 0.0061063422
588.0 0.0049438496
589.0 0.0041368859
590.0 0.0036022510000000003
591.0 0.0030329193
592.0 0.0026398289
593.0 0.0022799903
594.0 0.0018195020000000002
595.0 0.0015642651
596.0 0.0015002055
597.0 0.0015308275
598.0 0.0015343071
599.0 0.0014496535000000001
600.0 0.0013884931
601.0 0.0013347731
602.0 0.0013099379
603.0 0.0012055668
604.0 0.0012121496
605.0 0.0011326158
606.0 0.0009321663
607.0 0.0009678816000000001
608.0 0.0009464215000000001
609.0 0.0009661415000000001
610.0 0.0009394575
611.0 0.0009250335000000001
612.0 0.0010651852
613.0 0.0011092535
614.0 0.0010459844
615.0 0.0010495059000000001
616.0 0.0010953635
617.0 0.0011150629
618.0 0.0011531924
619.0 0.0012596354
620.0 0.0014959949000000001
621.0 0.0017377327
622.0 0.0021522873000000002
623.0 0.0024429844
624.0 0.0026306708
625.0 0.0025838103000000003
626.0 0.0024150951
627.0 0.0022100987
628.0 0.0020163266
629.0 0.0018964905
630.0 0.0019030834
631.0 0.0018483714
632.0 0.0018308240000000002
633.0 0.0019357928
634.0 0.0019630247
635.0 0.0019598506
636.0 0.0020682522
637.0 0.0020699981
638.0 0.0020341818
639.0 0.0018881347
640.0 0.0019383854
641.0 0.002057391
642.0 0.0019551015
643.0 0.0019296845
644.0 0.0019230018
645.0 0.0016739432
646.0 0.0
647.0 0.0
648.0 0.0
649.0 0.0016179965
650.0 0.0031677381000000003
651.0 0.0041623167
652.0 0.0048927211000000005
653.0 0.0056738784
654.0 0.0066720242
655.0 0.0077244167
656.0 0.0092224603
657.0 0.011074183000000001
658.0 0.013843573000000001
659.0 0.0183165302
660.0 0.025312518200000002
661.0 0.0380413409
662.0 0.0624234429
663.0 0.1078552748
664.0 0.1747202411
665.0 0.23259213520000002
666.0 0.24130237980000002
667.0 0.2005439353
668.0 0.16056276790000001
669.0 0.1858851047
670.0 0.29451201250000003
671.0 0.4053006367
672.0 0.3883922506
673.0 0.245863833
674.0 0.11071765210000001
675.0 0.0458695785
676.0 0.0246305257
677.0 0.0164383382
678.0 0.0122250098
679.0 0.0098000171
680.0 0.00812174
681.0 0.0069620197000000005
682.0 0.0061121884
683.0 0.0053991078000000005
684.0 0.0048443238000000005
685.0 0.0045063494
686.0 0.0041265279
687.0 0.0037465515
688.0 0.0037279528
689.0 0.0038660853
690.0 0.0044570881
691.0 0.0041801206
692.0 0.0037229307
693.0 0.0030865703
694.0 0.0024874547000000003
695.0 0.0020878993
696.0 0.0016485208000000002
697.0 0.0005510456
698.0 0.0
699.0 0.0
700.0 0.0
701.0 0.0001084044
702.0 0.0009016231000000001
703.0 0.0011815666
704.0 0.0013071873000000001
705.0 0.001302135
706.0 0.0013661801
707.0 0.0013455046
708.0 0.0012652641000000001
709.0 0.001022867
710.0 0.0006455021
711.0 0.0003134576
712.0 0.0006074543
713.0 0.0007188860000000001
714.0 0.0010412097
715.0 0.0011257464
716.0 0.0011098347
717.0 0.0012207568
718.0 0.0013879948
719.0 0.0013687445
720.0 0.0014262927
721.0 0.0015793502
722.0 0.0016070966000000001
723.0 0.0016064975
724.0 0.0015881446
725.0 0.0015223048
726.0 0.0015765905
727.0 0.0016723059
728.0 0.0017176810000000002
729.0 0.0017598170000000001
730.0 0.0018972062
731.0 0.0020494755
732.0 0.0022558834
733.0 0.0024374932000000003
734.0 0.0026616221000000002
735.0 0.0029798776
736.0 0.0034994402
737.0 0.0042154814
738.0 0.0052504974
739.0 0.0067015266
740.0 0.0091572879
741.0 0.0138018735
742.0 0.0225293723
743.0 0.0388131247
744.0 0.0638792723
745.0 0.0898714828
746.0 0.10050096400000001
747.0 0.0941688397
748.0 0.0970401909
749.0 0.1175300647
750.0 0.1277522827
751.0 0.1048338334
752.0 0.0647399627
753.0 0.0323965696
754.0 0.015550390700000001
755.0 0.0087506326
756.0 0.0059644561
757.0 0.004537281000000001
758.0 0.0037053669
759.0 0.0031977577
760.0 0.0028102986
761.0 0.0025550456
762.0 0.0023106394
763.0 0.0021808501000000003
764.0 0.0020521784
765.0 0.0018145987
766.0 0.0018596969
767.0 0.0018037478000000001
768.0 0.0017155889
769.0 0.0016828234
770.0 0.0016885641
771.0 0.0017546808
772.0 0.0017667037000000001
773.0 0.0017418368000000001
774.0 0.001699049
775.0 0.0016549677
776.0 0.0013789294
777.0 0.001014612
778.0 0.0006854334000000001
779.0 0.000370923
780.0 0.0014808967
781.0 0.0017715839
782.0 0.0018975489
783.0 0.0020073146000000003
784.0 0.0020448654
785.0 0.002199359
786.0 0.0023954043
787.0 0.0025546677000000003
788.0 0.0025336005
789.0 0.0026628833
790.0 0.0027920144
791.0 0.0028805432000000002
792.0 0.0030304384
793.0 0.003279119
794.0 0.0035044615
795.0 0.0036472974
796.0 0.0038204843
797.0 0.0040267256
798.0 0.0042314688
799.0 0.004685591
800.0 0.005024778000000001
801.0 0.0053573971
802.0 0.0059086968
803.0 0.0064545751
804.0 0.0072200932
805.0 0.0080504965
806.0 0.009146546200000001
807.0 0.0105670786
808.0 0.0124537311
809.0 0.0149873026
810.0 0.0187917978
811.0 0.0247421108
812.0 0.034399433300000004
813.0 0.0516433525
814.0 0.0848523266
815.0 0.1479885655
816.0 0.2519705836
817.0 0.37927488810000004
818.0 0.4761306145
819.0 0.5253568792000001
820.0 0.5870585770000001
821.0 0.6343318499
822.0 0.50563249
823.0 0.279426907
824.0 0.12465283170000001
825.0 0.056791789200000005
826.0 0.032175005300000004
827.0 0.0223093007
828.0 0.017142417400000002
829.0 0.0137867302
830.0 0.011470543100000001
831.0 0.009834312900000001
832.0 0.0086074043
833.0 0.0076785417
834.0 0.006930106300000001
835.0 0.0063164353
836.0 0.0057646095
837.0 0.0051480905
838.0 0.0046145535
839.0 0.0042475773
840.0 0.0040327566
841.0 0.0037152227
842.0 0.0035218502
843.0 0.0033345349
844.0 0.0031347662000000003
845.0 0.0030337527
846.0 0.0028860388
847.0 0.0027124494
848.0 0.002524231
849.0 0.0024026348
850.0 0.0023469187
851.0 0.0021906665
852.0 0.0020302714
853.0 0.0020198884
854.0 0.0019270981000000002
855.0 0.0019363771
856.0 0.0018962106000000002
857.0 0.0019548676
858.0 0.0020120214000000003
859.0 0.002014515
860.0 0.0018098934
861.0 0.0016916534000000001
862.0 0.0016391945
863.0 0.0016105047
864.0 0.0013938613
865.0 0.0014078358000000001
866.0 0.0013536398
867.0 0.0012238751
868.0 0.0012043831
869.0 0.0011635436
870.0 0.0010619165
871.0 0.0010665309
872.0 0.0010803836
873.0 0.0009702681000000001
874.0 0.0009376473
875.0 0.00095379
876.0 0.0009377805
877.0 0.0007697549000000001
878.0 0.000509966
879.0 0.0
880.0 0.0
881.0 0.0
882.0 0.0007372278000000001
883.0 0.0012535174000000001
884.0 0.0012727752000000001
885.0 0.0012032648
886.0 0.0012152568000000001
887.0 0.0011285857000000001
888.0 0.0010179066
889.0 0.0009653334
890.0 0.0009109796
891.0 0.0008904677000000001
892.0 0.0008633008000000001
893.0 0.0008713949
894.0 0.0010027429000000001
895.0 0.0009044835
896.0 0.0009758375000000001
897.0 0.0009524656
898.0 0.0009837124
899.0 0.0007235744000000001
900.0 0.0008325497
901.0 0.0009348149
902.0 0.0008541775000000001
903.0 0.0008151343
904.0 0.0008700336000000001
905.0 0.0009239728000000001
906.0 0.0008297644
907.0 0.0007478122
908.0 0.0007972972
909.0 0.0008326867
910.0 0.000802266
911.0 0.0008122342000000001
912.0 0.000872728
913.0 0.0009215221000000001
914.0 0.0008969123
915.0 0.0009899641000000001
916.0 0.0010643308
917.0 0.0011343633
918.0 0.0012326036
919.0 0.0012876652
920.0 0.001391366
921.0 0.0015660475
922.0 0.001608616
923.0 0.0017750512
924.0 0.0018200187
925.0 0.0019371744
926.0 0.002189341
927.0 0.0022972819000000003
928.0 0.0024262031
929.0 0.0027865412
930.0 0.0032094145
931.0 0.0037691472
932.0 0.0044320464
933.0 0.0050355333000000006
934.0 0.0060336355000000005
935.0 0.0073858115000000005
936.0 0.0090102455
937.0 0.0114918594
938.0 0.0150098564
939.0 0.0203942441
940.0 0.029614725800000002
941.0 0.0466699059
942.0 0.0792982936
943.0 0.14336862420000002
944.0 0.251908644
945.0 0.3736493019
946.0 0.42338852180000003
947.0 0.36311929940000004
948.0 0.2561504209
949.0 0.1830445434
950.0 0.1513830072
951.0 0.1208712507
952.0 0.0785509479
953.0 0.0436030795
954.0 0.024839741000000002
955.0 0.0158197812
956.0 0.0111974595
957.0 0.008521841700000001
958.0 0.0068561204
959.0 0.0057374226
960.0 0.0047553835
961.0 0.0041132836
962.0 0.0036776346
963.0 0.0032668288
964.0 0.0028867064000000003
965.0 0.0025264288
966.0 0.0023120288
967.0 0.0021259036
968.0 0.0020046261000000003
969.0 0.0020160687
970.0 0.001944397
971.0 0.0018650055
972.0 0.0018802146
973.0 0.0019365872
974.0 0.0020115156
975.0 0.0018110495
976.0 0.0009795453
977.0 0.0012241532
978.0 0.0009919933000000001
979.0 0.0012915206
980.0 0.0009426287000000001
981.0 0.0011157670000000001
982.0 0.0012533545
983.0 0.0011586748
984.0 0.0011390575000000001
985.0 0.0011171881000000001
986.0 0.0011806694
987.0 0.0014025880000000002
988.0 0.0015588114000000001
989.0 0.0016893428
990.0 0.0020131453
991.0 0.0024496353
992.0 0.0030001688
993.0 0.0036347460000000003
994.0 0.0045188413000000005
995.0 0.0061069675
996.0 0.0086856688
997.0 0.0125120414
998.0 0.0175887345
999.0 0.0231289719
1000.0 0.030513876500000002
1001.0 0.044167885500000004
1002.0 0.06927480200000001
1003.0 0.100118542
1004.0 0.1155881837
1005.0 0.10553260190000001
1006.0 0.0824015726
1007.0 0.0609233187
1008.0 0.0438995115
1009.0 0.0291874651
1010.0 0.017251168900000002
1011.0 0.0093940282
1012.0 0.0053252462000000006
1013.0 0.0035128868
1014.0 0.0027065691000000003
1015.0 0.0022868102000000003
1016.0 0.0020505015
1017.0 0.0019094934
1018.0 0.0017801589
1019.0 0.0015795058
1020.0 0.0015181078000000001
1021.0 0.001378874
1022.0 0.0013876724
1023.0 0.0014045454
1024.0 0.0013308713
1025.0 0.0012790871
1026.0 0.0012573201
1027.0 0.0013898605
1028.0 0.0014569702
1029.0 0.0014915030000000001
1030.0 0.0016415305000000002
1031.0 0.0017523841
1032.0 0.0018502426
1033.0 0.0020611546
1034.0 0.0022394216
1035.0 0.0023295379
1036.0 0.0025855518
1037.0 0.0028473541
1038.0 0.0031293597
1039.0 0.0035388687
1040.0 0.0039383050000000005
1041.0 0.004540316
1042.0 0.0052603444
1043.0 0.0060908245000000005
1044.0 0.0073241761
1045.0 0.008875251
1046.0 0.0111066047
1047.0 0.014257311000000002
1048.0 0.0191633296
1049.0 0.0273298538
1050.0 0.0415466296
1051.0 0.0665209875
1052.0 0.10469363150000001
1053.0 0.14728711900000002
1054.0 0.1730715011
1055.0 0.1652851042
1056.0 0.1300224944
1057.0 0.08996482580000001
1058.0 0.0682572662
1059.0 0.08618434500000001
1060.0 0.1554936989
1061.0 0.24897103040000002
1062.0 0.2921314506
1063.0 0.2516634131
1064.0 0.1609855365
1065.0 0.0808415505
1066.0 0.0348317046
1067.0 0.0161523869
1068.0 0.010385347100000001
1069.0 0.008495410200000001
1070.0 0.007345936700000001
1071.0 0.0064205378
1072.0 0.0057059693000000005
1073.0 0.0051475919
1074.0 0.004648819
1075.0 0.0041696532
1076.0 0.0038537976
1077.0 0.0036683102
1078.0 0.0034770532
1079.0 0.0031067777
1080.0 0.0029932093000000002
1081.0 0.0030672813
1082.0 0.0028622266
1083.0 0.0027777845
1084.0 0.0026921456
1085.0 0.0025368565000000003
1086.0 0.0023405983000000003
1087.0 0.0023653610000000003
1088.0 0.0023348022
1089.0 0.002270718
1090.0 0.0022813774
1091.0 0.0023527203
1092.0 0.0023811386000000003
1093.0 0.0023715971
1094.0 0.0023505109
1095.0 0.0025732474
1096.0 0.003338194
1097.0 0.0044462384
1098.0 0.0056996113
1099.0 0.0071042925000000005
1100.0 0.0093141015
1101.0 0.0127807185
1102.0 0.0187297007
1103.0 0.0288969723
1104.0 0.0468331569
1105.0 0.0714399024
1106.0 0.0911653701
1107.0 0.0928883109
1108.0 0.0776639501
1109.0 0.0587581113
1110.0 0.052317337400000004
1111.0 0.0693328813
1112.0 0.10797207730000001
1113.0 0.1440921446
1114.0 0.1450512132
1115.0 0.1073278331
1116.0 0.0588324634
1117.0 0.0249860326
1118.0 0.0099811349
1119.0 0.0055546004
1120.0 0.0043128041
1121.0 0.0037529843
1122.0 0.0033711504
1123.0 0.0029234953
1124.0 0.0025157585
1125.0 0.0022191141
1126.0 0.002006117
1127.0 0.0017887559
1128.0 0.0015466803
1129.0 0.0014510101
1130.0 0.0014282941000000001
1131.0 0.0014386822
1132.0 0.0012662425
1133.0 0.0011255675
1134.0 0.0011726637
1135.0 0.0011537565
1136.0 0.0010612665000000001
1137.0 0.0010831079000000001
1138.0 0.0010968139
1139.0 0.0011267268
1140.0 0.0012340241
1141.0 0.0012456084
1142.0 0.0013160629
1143.0 0.0013603702000000001
1144.0 0.0015286767
1145.0 0.0015660984
1146.0 0.0018459918
1147.0 0.0021939804
1148.0 0.00250761
1149.0 0.0030066329000000003
1150.0 0.0034730408
1151.0 0.0043790222
1152.0 0.0056753983000000004
1153.0 0.0078879552
1154.0 0.0113256953
1155.0 0.0172650612
1156.0 0.0286761279
1157.0 0.0512676543
1158.0 0.0951608043
1159.0 0.16132918000000002
1160.0 0.21850969280000002
1161.0 0.21255278400000002
1162.0 0.1360739999
1163.0 0.048683727100000004
1164.0 0.0043049824
1165.0 0.0
1166.0 0.0014745772
1167.0 0.0031669306000000003
1168.0 0.0032729734
1169.0 0.0030719478
1170.0 0.0027587082
1171.0 0.0024296553000000003
1172.0 0.0021245856000000002
1173.0 0.00184677
1174.0 0.0017769499
1175.0 0.0015431414
1176.0 0.0014542751000000001
1177.0 0.0013409949
1178.0 0.001202209
1179.0 0.0011651517000000001
1180.0 0.0011693186000000001
1181.0 0.0010821155
1182.0 0.0009479068
1183.0 0.0009783934
1184.0 0.0011171172
1185.0 0.0011601761
1186.0 0.0011422139
1187.0 0.001216461
1188.0 0.0013569984
1189.0 0.0013575246000000001
1190.0 0.0014554184000000001
1191.0 0.0017169275
1192.0 0.001827103
1193.0 0.0018988593
1194.0 0.0022201038
1195.0 0.0027875543
1196.0 0.003168259
1197.0 0.0037311872
1198.0 0.0045485135
1199.0 0.0058808712
1200.0 0.008141322500000001
1201.0 0.0121119803
1202.0 0.018977478500000002
1203.0 0.028051109
1204.0 0.035991439
1205.0 0.0393609184
1206.0 0.0388136455
1207.0 0.0380756024
1208.0 0.0384285623
1209.0 0.037939325600000004
1210.0 0.0356957596
1211.0 0.0324708689
1212.0 0.0276497214
1213.0 0.0200998243
1214.0 0.0122350513
1215.0 0.007148092700000001
1216.0 0.0049223048
1217.0 0.00387146
1218.0 0.0032649476
1219.0 0.0031137686
1220.0 0.0030061819
1221.0 0.0029889283
1222.0 0.0028321449000000003
1223.0 0.0028585233
1224.0 0.0029077686
1225.0 0.0030247330000000004
1226.0 0.0030383199
1227.0 0.0032098623
1228.0 0.0033868821
1229.0 0.0036055026000000002
1230.0 0.0037798012000000002
1231.0 0.0039222628
1232.0 0.0041826982
1233.0 0.0045096094000000005
1234.0 0.0049690222
1235.0 0.0055893869
1236.0 0.0060403198
1237.0 0.0066518911000000005
1238.0 0.0078737077
1239.0 0.0090012888
1240.0 0.010500116
1241.0 0.0125804234
1242.0 0.015154809100000001
1243.0 0.0187988335
1244.0 0.0246328211
1245.0 0.0338795546
1246.0 0.0498764785
1247.0 0.0776798067
1248.0 0.1250117814
1249.0 0.1910317959
1250.0 0.25435772570000004
1251.0 0.2872399026
1252.0 0.293936429
1253.0 0.30178315780000003
1254.0 0.31712005590000003
1255.0 0.31720286680000004
1256.0 0.2834736471
1257.0 0.2201890012
1258.0 0.1450440158
1259.0 0.0792190244
1260.0 0.0385254398
1261.0 0.0214974172
1262.0 0.0152445006
1263.0 0.0123448831
1264.0 0.0104010396
1265.0 0.0088710183
1266.0 0.007760591900000001
1267.0 0.0068082628
1268.0 0.0058198486
1269.0 0.0053603006
1270.0 0.0048112475
1271.0 0.0041478377
1272.0 0.0037998140000000003
1273.0 0.0034690055
1274.0 0.0031205434
1275.0 0.0028262386000000002
1276.0 0.0026249124
1277.0 0.0025228844
1278.0 0.0023231891000000003
1279.0 0.0021360665
1280.0 0.0019990128
1281.0 0.0017632854
1282.0 0.0015901919
1283.0 0.0015657706
1284.0 0.0015119795
1285.0 0.0013708007
1286.0 0.0011958829
1287.0 0.0012529023
1288.0 0.0012007305
1289.0 0.0010387059
1290.0 0.0008881844
1291.0 0.0008645968000000001
1292.0 0.0008273992
1293.0 0.0005763335
1294.0 0.0007080470000000001
1295.0 0.0008336296
1296.0 0.0007349476
1297.0 0.0006973134
1298.0 0.0008611924
1299.0 0.0007965843
1300.0 0.0007726787000000001
1301.0 0.0007128495
1302.0 0.0006897155
1303.0 0.0007295888
1304.0 0.0008026511000000001
1305.0 0.0007942746000000001
1306.0 0.000788595
1307.0 0.0008079827000000001
1308.0 0.0008118273
1309.0 0.0008123839
1310.0 0.0007892537
1311.0 0.0007450737
1312.0 0.0007542391
1313.0 0.000873052
1314.0 0.0007018978
1315.0 0.0006166709
1316.0 0.0009435581000000001
1317.0 0.0009782253
1318.0 0.0010387061
1319.0 0.0011652135
1320.0 0.0012725424000000001
1321.0 0.0014131078
1322.0 0.001682062
1323.0 0.0019544217000000003
1324.0 0.0022557734
1325.0 0.0026022930000000003
1326.0 0.0033163132
1327.0 0.0046275573000000006
1328.0 0.0064420335
1329.0 0.009501526500000001
1330.0 0.0142836561
1331.0 0.020291812000000003
1332.0 0.0260945289
1333.0 0.0294093446
1334.0 0.0278642263
1335.0 0.0230289719
1336.0 0.0166137522
1337.0 0.0104301238
1338.0 0.0053636376
1339.0 0.0023955540000000003
1340.0 0.0029133545
1341.0 0.008560266
1342.0 0.0208882628
1343.0 0.0368786362
1344.0 0.0500871024
1345.0 0.0571692465
1346.0 0.0494067709
1347.0 0.032811628100000004
1348.0 0.018184614
1349.0 0.008270622200000001
1350.0 0.0036565803
1351.0 0.0021009664000000003
1352.0 0.0016872196
1353.0 0.0016615294
1354.0 0.001661446
1355.0 0.0016909472
1356.0 0.0015393304000000001
1357.0 0.0015300393
1358.0 0.0015223352000000002
1359.0 0.0015166313000000002
1360.0 0.0015217452
1361.0 0.0015354840000000002
1362.0 0.0017105725
1363.0 0.0019615604
1364.0 0.0021146746
1365.0 0.0022861764
1366.0 0.0025833613000000003
1367.0 0.0030481218000000003
1368.0 0.0038230756
1369.0 0.0047947287000000005
1370.0 0.0062258936
1371.0 0.0088161205
1372.0 0.012732993500000001
1373.0 0.0179528325
1374.0 0.023071903
1375.0 0.025918232500000003
1376.0 0.0270373509
1377.0 0.027718743400000002
1378.0 0.0304027327
1379.0 0.0347583751
1380.0 0.0394432172
1381.0 0.045036591
1382.0 0.0524331421
1383.0 0.058188603400000004
1384.0 0.057224070700000004
1385.0 0.0507936817
1386.0 0.0425653193
1387.0 0.0333873873
1388.0 0.0232513438
1389.0 0.0139873137
1390.0 0.0076034292
1391.0 0.004216251
1392.0 0.0028667463
1393.0 0.0026779826
1394.0 0.0027779114000000002
1395.0 0.0028162885000000003
1396.0 0.0030541421
1397.0 0.0030222631
1398.0 0.0032213784
1399.0 0.0033014859
1400.0 0.0036580069
1401.0 0.0038195817
1402.0 0.0040964587000000005
1403.0 0.0045290750000000005
1404.0 0.0050500173
1405.0 0.005851978000000001
1406.0 0.006646333900000001
1407.0 0.0078762767
1408.0 0.0094333527
1409.0 0.0118815289
1410.0 0.0154312484
1411.0 0.021402746
1412.0 0.0313073896
1413.0 0.0460714958
1414.0 0.0630707903
1415.0 0.0771839794
1416.0 0.0842101722
1417.0 0.08564720120000001
1418.0 0.0876474349
1419.0 0.09244287300000001
1420.0 0.09427703820000001
1421.0 0.0872954291
1422.0 0.0770111319
1423.0 0.07861592910000001
1424.0 0.09965738880000001
1425.0 0.1290197925
1426.0 0.14462782100000002
1427.0 0.1308119208
1428.0 0.0927949498
1429.0 0.053098664000000004
1430.0 0.025077511900000002
1431.0 0.0115076052
1432.0 0.0067318526
1433.0 0.0056082676
1434.0 0.0053679607
1435.0 0.0051703384
1436.0 0.0050943779000000005
1437.0 0.0046773442
1438.0 0.0044886004
1439.0 0.0042527493
1440.0 0.0040450249
1441.0 0.0038376272
1442.0 0.003629797
1443.0 0.0037772522
1444.0 0.0038333078
1445.0 0.0037425296000000003
1446.0 0.0036539956
1447.0 0.0037843192
1448.0 0.0039772581000000005
1449.0 0.0043398873
1450.0 0.0049100311
1451.0 0.0056081047
1452.0 0.0066703948
1453.0 0.0083019364
1454.0 0.0110731495
1455.0 0.0157332954
1456.0 0.024213678500000002
1457.0 0.0388700302
1458.0 0.0592830296
1459.0 0.0785569816
1460.0 0.08428205080000001
1461.0 0.0719194788
1462.0 0.051116942400000004
1463.0 0.035048263100000004
1464.0 0.0276998265
1465.0 0.0248555633
1466.0 0.0212999156
1467.0 0.0157695785
1468.0 0.0106643377
1469.0 0.0071905078
1470.0 0.0053914723
1471.0 0.0045050688
1472.0 0.0041518976
1473.0 0.004074533500000001
1474.0 0.0038567522000000003
1475.0 0.0037331135000000003
1476.0 0.0037318190000000004
1477.0 0.0039276533
1478.0 0.004094993700000001
1479.0 0.0042790865
1480.0 0.0045378311000000005
1481.0 0.0049287758
1482.0 0.0055594353
1483.0 0.0062752807
1484.0 0.0071464994
1485.0 0.0084250123
1486.0 0.0102164284
1487.0 0.012897525600000001
1488.0 0.0170509727
1489.0 0.0239980884
1490.0 0.0354334247
1491.0 0.052512035500000005
1492.0 0.0727761291
1493.0 0.0888451682
1494.0 0.0918729119
1495.0 0.0816206703
1496.0 0.0652086961
1497.0 0.049701234000000004
1498.0 0.04302219
1499.0 0.050838009100000005
1500.0 0.0743026599
1501.0 0.1036426658
1502.0 0.12337921710000001
1503.0 0.1265100217
1504.0 0.1124164884
1505.0 0.0848136275
1506.0 0.0529116991
1507.0 0.027253570600000002
1508.0 0.0128673572
1509.0 0.0073174638
1510.0 0.0057647652
1511.0 0.0053523599
1512.0 0.0049866998
1513.0 0.0046961873
1514.0 0.0044781632
1515.0 0.0042290805
1516.0 0.0040885212
1517.0 0.0039722762
1518.0 0.0039331629
1519.0 0.0039592468
1520.0 0.0039876298
1521.0 0.0042438611
1522.0 0.0044681383000000005
1523.0 0.0048837717
1524.0 0.0055401762
1525.0 0.0067232574
1526.0 0.0085217269
1527.0 0.0118675386
1528.0 0.0168161012
1529.0 0.0240609045
1530.0 0.0312760593
1531.0 0.0347073204
1532.0 0.032661577000000004
1533.0 0.0263722423
1534.0 0.020174730800000002
1535.0 0.0168963251
1536.0 0.0183952431
1537.0 0.025896785300000003
1538.0 0.0365832475
1539.0 0.0450142669
1540.0 0.0461170474
1541.0 0.0392289453
1542.0 0.0276545644
1543.0 0.0156600401
1544.0 0.0074598566
1545.0 0.0037946259
1546.0 0.0026387671000000002
1547.0 0.0023836662
1548.0 0.0024448953
1549.0 0.0025287218
1550.0 0.0024707488
1551.0 0.0023061261
1552.0 0.0023264047
1553.0 0.0024859528
1554.0 0.0024589357
1555.0 0.0025631639
1556.0 0.0026323758
1557.0 0.0027408416
1558.0 0.0031239404
1559.0 0.0034585322000000003
1560.0 0.0037861639000000002
1561.0 0.0043661242
1562.0 0.0052325755
1563.0 0.0063853113
1564.0 0.0076469979
1565.0 0.0101276015
1566.0 0.013436428
1567.0 0.0191595018
1568.0 0.0291154016
1569.0 0.0471410179
1570.0 0.0763587723
1571.0 0.1117718077
1572.0 0.1355966597
1573.0 0.132605522
1574.0 0.1059256075
1575.0 0.0686437662
1576.0 0.0340790905
1577.0 0.0114092916
1578.0 0.0023235595
1579.0 0.0012064924000000001
1580.0 0.0022263043000000002
1581.0 0.0029352526
1582.0 0.003100039
1583.0 0.003010169
1584.0 0.0028920746
1585.0 0.0027644952
1586.0 0.0025890005
1587.0 0.0024928695
1588.0 0.0024512270000000003
1589.0 0.0022959656000000003
1590.0 0.0021806499
1591.0 0.0020980821000000003
1592.0 0.0018754751
1593.0 0.0018060123000000002
1594.0 0.0017540845000000001
1595.0 0.0017386655
1596.0 0.00166541
1597.0 0.0017224881000000001
1598.0 0.0017066371
1599.0 0.0016349511
1600.0 0.0014877153
1601.0 0.0015144213
1602.0 0.0015967792
1603.0 0.0015350335
1604.0 0.0016738294
1605.0 0.0015775373
1606.0 0.0017445401
1607.0 0.0014897704
1608.0 0.0016506865000000001
1609.0 0.0017416734000000001
1610.0 0.0016228479
1611.0 0.0015986655000000002
1612.0 0.001804662
1613.0 0.0017468869
1614.0 0.0019359351
1615.0 0.0017968567000000001
1616.0 0.0019538284
1617.0 0.0021490769
1618.0 0.0020819560000000003
1619.0 0.0021823329000000002
1620.0 0.0021477129000000003
1621.0 0.0023247691
1622.0 0.0026698027
1623.0 0.0029355068
1624.0 0.0031748884
1625.0 0.0035640861
1626.0 0.0040290839
1627.0 0.0043488604000000005
1628.0 0.0048644707
1629.0 0.0057901104
1630.0 0.006812652000000001
1631.0 0.00815662
1632.0 0.010276313700000001
1633.0 0.013598477900000001
1634.0 0.0189953865
1635.0 0.0276702854
1636.0 0.0409604833
1637.0 0.0570284984
1638.0 0.0700988025
1639.0 0.0734340863
1640.0 0.067108556
1641.0 0.058588541800000005
1642.0 0.057415039200000004
1643.0 0.0685936571
1644.0 0.0906924695
1645.0 0.1116732684
1646.0 0.1130321849
1647.0 0.0889279693
1648.0 0.0528995264
1649.0 0.024317071000000003
1650.0 0.009403757700000001
1651.0 0.0040859572
1652.0 0.0034787459
1653.0 0.003897433
1654.0 0.0043646344
1655.0 0.0044236279
1656.0 0.0043578293
1657.0 0.0044444007
1658.0 0.0043491385
1659.0 0.0041990288
1660.0 0.0042539209
1661.0 0.0044828905
1662.0 0.0045483044000000005
1663.0 0.0047148672
1664.0 0.0052155838000000005
1665.0 0.0059268312000000005
1666.0 0.0067608524000000005
1667.0 0.0075815355
1668.0 0.0083934069
1669.0 0.0096383283
1670.0 0.0115972009
1671.0 0.014205008500000001
1672.0 0.0169333425
1673.0 0.0186592449
1674.0 0.018897960800000002
1675.0 0.0183640168
1676.0 0.0177103984
1677.0 0.016675499
1678.0 0.0151171744
1679.0 0.0138820926
1680.0 0.0139256667
1681.0 0.01510471
1682.0 0.016375025300000002
1683.0 0.0157665104
1684.0 0.0132135842
1685.0 0.0102262142
1686.0 0.0079478595
1687.0 0.0067404787
1688.0 0.0061614725
1689.0 0.0063351324
1690.0 0.0067128386
1691.0 0.0072563097000000005
1692.0 0.0080251054
1693.0 0.0089969986
1694.0 0.0103300408
1695.0 0.012335875500000001
1696.0 0.0152837374
1697.0 0.0196385458
1698.0 0.0260462241
1699.0 0.0345328857
1700.0 0.0436611362
1701.0 0.051690558500000004
1702.0 0.058309411000000005
1703.0 0.0654646686
1704.0 0.07672200030000001
1705.0 0.0914142298
1706.0 0.1045420912
1707.0 0.11048001780000001
1708.0 0.10965377700000001
1709.0 0.107712679
1710.0 0.10667247610000001
1711.0 0.10358011660000001
1712.0 0.0998707814
1713.0 0.1017033756
1714.0 0.1099446068
1715.0 0.1160820775
1716.0 0.1092269429
1717.0 0.08768626900000001
1718.0 0.0600793785
1719.0 0.0366865197
1720.0 0.02132208
1721.0 0.0126397581
1722.0 0.0084930445
1723.0 0.0071169760000000006
1724.0 0.0068433496000000005
1725.0 0.0069091224
1726.0 0.0070831853
1727.0 0.0073682075000000005
1728.0 0.0078184408
1729.0 0.0086002011
1730.0 0.010212002100000001
1731.0 0.012777494200000001
1732.0 0.0160210346
1733.0 0.0194912156
1734.0 0.0220436972
1735.0 0.0222328763
1736.0 0.0203396287
1737.0 0.0176128698
1738.0 0.0148463542
1739.0 0.0125620752
1740.0 0.0120879694
1741.0 0.014809767100000001
1742.0 0.0200317613
1743.0 0.0253352287
1744.0 0.0278259603
1745.0 0.0275776996
1746.0 0.027481009100000002
1747.0 0.0306283164
1748.0 0.033360619
1749.0 0.0318548815
1750.0 0.0251378812
1751.0 0.0170344599
1752.0 0.010100852700000001
1753.0 0.0053253294
1754.0 0.00267831
1755.0 0.0016567182
1756.0 0.0014136491000000001
1757.0 0.0015822870000000001
1758.0 0.0016137702000000001
1759.0 0.0017181798
1760.0 0.0016313956
1761.0 0.0015244787000000001
1762.0 0.0016696816
1763.0 0.0015317977000000001
1764.0 0.0013991507
1765.0 0.0013447714
1766.0 0.0012969603
1767.0 0.0013478142
1768.0 0.0013497783000000001
1769.0 0.0013760211
1770.0 0.0013132138
1771.0 0.0011390472
1772.0 0.0011001941000000001
1773.0 0.0010979198
1774.0 0.0010861075
1775.0 0.0011252199
1776.0 0.0011635663
1777.0 0.0011873239
1778.0 0.0011619109
1779.0 0.0011517671
1780.0 0.001159164
1781.0 0.0011878403
1782.0 0.001260043
1783.0 0.0012604417
1784.0 0.0012991605000000001
1785.0 0.0013398980000000002
1786.0 0.0014591559
1787.0 0.0015831705
1788.0 0.0016913907
1789.0 0.0019696128
1790.0 0.0022964025
1791.0 0.0025593193
1792.0 0.0030203354
1793.0 0.0035683538
1794.0 0.0044884884
1795.0 0.0059363424
1796.0 0.0078182658
1797.0 0.010323995400000001
1798.0 0.0124703817
1799.0 0.0146796554
1800.0 0.016670101700000002
1801.0 0.0189501424
1802.0 0.0225283587
1803.0 0.026284495600000003
1804.0 0.0287579416
1805.0 0.0297766239
1806.0 0.0313843501
1807.0 0.033769290300000004
1808.0 0.0357453998
1809.0 0.0352985313
1810.0 0.0324451606
1811.0 0.027701433100000002
1812.0 0.021686223600000002
1813.0 0.0161842941
1814.0 0.0118449747
1815.0 0.0083731456
1816.0 0.005806151900000001
1817.0 0.0047279861000000005
1818.0 0.004247626
1819.0 0.0045846893
1820.0 0.0052248461000000005
1821.0 0.006116585900000001
1822.0 0.0069637998
1823.0 0.0084036114
1824.0 0.010710269500000001
1825.0 0.014307232000000001
1826.0 0.0200897644
1827.0 0.0286974426
1828.0 0.0395427077
1829.0 0.0501270381
1830.0 0.0560462222
1831.0 0.0549662787
1832.0 0.0477249168
1833.0 0.0374589902
1834.0 0.0271435351
1835.0 0.018112074500000002
1836.0 0.011868770300000001
1837.0 0.0102698211
1838.0 0.0159241138
1839.0 0.030126565100000002
1840.0 0.051142789
1841.0 0.0729641935
1842.0 0.08715590420000001
1843.0 0.0874649041
1844.0 0.0735303576
1845.0 0.0518658012
1846.0 0.031004325500000002
1847.0 0.0147169896
1848.0 0.005583906400000001
1849.0 0.0017762298
1850.0 0.0008974411
1851.0 0.0013444870000000001
1852.0 0.0017437154
1853.0 0.0020079141
1854.0 0.0018671681
1855.0 0.0018511505000000001
1856.0 0.0017471766
1857.0 0.0016441982
1858.0 0.0015175799000000001
1859.0 0.0013631439000000001
1860.0 0.0012621354
1861.0 0.0009914108000000001
1862.0 0.001026439
1863.0 0.0009364885
1864.0 0.0007921325
1865.0 0.0007204958
1866.0 0.0008399140000000001
1867.0 0.0007007696
1868.0 0.0007075252
1869.0 0.000724516
1870.0 0.0006852216000000001
1871.0 0.0005858257
1872.0 0.0006233167
1873.0 0.0006611816
1874.0 0.0006993764000000001
1875.0 0.0005143371
1876.0 0.0006405404
1877.0 0.0006588104
1878.0 0.0007025813000000001
1879.0 0.0008696373
1880.0 0.0009463575000000001
1881.0 0.0010418708000000001
1882.0 0.001072424
1883.0 0.0010462524
1884.0 0.0014066595
1885.0 0.0017121312
1886.0 0.0019668342000000003
1887.0 0.0024976091
1888.0 0.0030126370000000003
1889.0 0.0037967556
1890.0 0.0050850255000000006
1891.0 0.0071415791
1892.0 0.0107434698
1893.0 0.016545073400000002
1894.0 0.024808513600000002
1895.0 0.0323789145
1896.0 0.037311036400000004
1897.0 0.0361328283
1898.0 0.0282460405
1899.0 0.0189089217
1900.0 0.0120987982
1901.0 0.008081325700000001
1902.0 0.0068499032
1903.0 0.0077894334
1904.0 0.0094950868
1905.0 0.0104669396
1906.0 0.00961707
1907.0 0.0074716785
1908.0 0.0052112611000000005
1909.0 0.0034661992
1910.0 0.0024949968
1911.0 0.0022627151000000002
1912.0 0.0021570225
1913.0 0.0020646144
1914.0 0.0023293257
1915.0 0.0025771297000000003
1916.0 0.0029483316
1917.0 0.0037173711
1918.0 0.005068197
1919.0 0.0067075908000000005
1920.0 0.0085261348
1921.0 0.0103498935
1922.0 0.0117628894
1923.0 0.013081315900000001
1924.0 0.0148851376
1925.0 0.0164845967
1926.0 0.0169669656
1927.0 0.0155477062
1928.0 0.013175379400000001
1929.0 0.0117268974
1930.0 0.012024409500000001
1931.0 0.013662879400000001
1932.0 0.0150924918
1933.0 0.014861304700000001
1934.0 0.0128948854
1935.0 0.0096487019
1936.0 0.0062885120000000004
1937.0 0.0040781695
1938.0 0.0031772122
1939.0 0.0029997455
1940.0 0.0031564006
1941.0 0.0036057096
1942.0 0.0041652124
1943.0 0.0048318193
1944.0 0.0058831673000000004
1945.0 0.0074631346
1946.0 0.0096097392
1947.0 0.012857558100000001
1948.0 0.017607352
1949.0 0.0232359079
1950.0 0.028738129
1951.0 0.0330082928
1952.0 0.0361562114
1953.0 0.039560818500000004
1954.0 0.0445198642
1955.0 0.0517257457
1956.0 0.0607238744
1957.0 0.0702270568
1958.0 0.0763391626
1959.0 0.07317532880000001
1960.0 0.058671719500000004
1961.0 0.0392517275
1962.0 0.0246618742
1963.0 0.0178990995
1964.0 0.015410784700000001
1965.0 0.0129458291
1966.0 0.0095652936
1967.0 0.0064648079
1968.0 0.0048056609000000005
1969.0 0.0043247205
1970.0 0.0044533422
1971.0 0.0047314577
1972.0 0.0050637255
1973.0 0.005811632000000001
1974.0 0.0069007953
1975.0 0.0088701591
1976.0 0.0117303463
1977.0 0.0158227523
1978.0 0.020648536800000002
1979.0 0.024913175500000002
1980.0 0.026785019700000003
1981.0 0.025453605400000003
1982.0 0.022022714500000002
1983.0 0.0183312737
1984.0 0.0158537574
1985.0 0.0159225343
1986.0 0.0187945011
1987.0 0.023158612300000003
1988.0 0.0266968851
1989.0 0.0280497409
1990.0 0.027797982500000002
1991.0 0.026345713200000002
1992.0 0.023466161500000002
1993.0 0.018975723400000002
1994.0 0.0132850372
1995.0 0.00822319
1996.0 0.005320137
1997.0 0.0044925783
1998.0 0.004719216300000001
1999.0 0.0055928487
2000.0 0.0069162835
2001.0 0.0084430332
2002.0 0.0094984974
2003.0 0.0103101641
2004.0 0.010929583100000001
2005.0 0.011449715000000001
2006.0 0.012224343300000001
2007.0 0.0137652321
2008.0 0.0169931932
2009.0 0.022858230400000002
2010.0 0.0327717363
2011.0 0.046153126
2012.0 0.0594300057
2013.0 0.0661380412
2014.0 0.062503984
2015.0 0.0513042474
2016.0 0.0392858171
2017.0 0.0309830999
2018.0 0.0265435035
2019.0 0.0235638801
2020.0 0.021466962000000003
2021.0 0.0189391167
2022.0 0.0156890641
2023.0 0.012426850500000001
2024.0 0.009571793
2025.0 0.0072531042
2026.0 0.0055475921
2027.0 0.0048860109
2028.0 0.0049683645
2029.0 0.0054000210000000005
2030.0 0.0061511249
2031.0 0.0066521183
2032.0 0.006607060200000001
2033.0 0.0061516519
2034.0 0.00544712
2035.0 0.0047283496
2036.0 0.0038484532
2037.0 0.0029633629
2038.0 0.0022657946
2039.0 0.0017334215000000001
2040.0 0.0011516410000000001
2041.0 0.0011196696
2042.0 0.0011667604000000001
2043.0 0.0016284343
2044.0 0.0027507945
2045.0 0.0046558816
2046.0 0.0067986947
2047.0 0.0092139714
2048.0 0.011032320200000001
2049.0 0.0117945216
2050.0 0.0114533992
2051.0 0.0102237223
2052.0 0.009073602
2053.0 0.0085667178
2054.0 0.0089359278
2055.0 0.0106992894
2056.0 0.0132195481
2057.0 0.016783828900000002
2058.0 0.020569227000000002
2059.0 0.024335728600000002
2060.0 0.0275587743
2061.0 0.0315259457
2062.0 0.0364933363
2063.0 0.0417882807
2064.0 0.0450115501
2065.0 0.043743913700000005
2066.0 0.038058475
2067.0 0.031172439000000003
2068.0 0.026423219
2069.0 0.0264443458
2070.0 0.032322444
2071.0 0.0426569337
2072.0 0.054302217800000004
2073.0 0.0634610064
2074.0 0.0671634841
2075.0 0.06457670360000001
2076.0 0.056338703100000005
2077.0 0.043888479700000003
2078.0 0.030607191000000002
2079.0 0.019413499600000002
2080.0 0.011368023900000001
2081.0 0.006430006
2082.0 0.0035975160000000003
2083.0 0.0020668201
2084.0 0.0013889342000000002
2085.0 0.0015013286000000001
2086.0 0.0016554732
2087.0 0.0018903708
2088.0 0.0018103568
2089.0 0.0018219089
2090.0 0.0018976177000000001
2091.0 0.0016363241
2092.0 0.0015885056
2093.0 0.0016591064
2094.0 0.0017695166
2095.0 0.0016828647
2096.0 0.0016611618
2097.0 0.0016637766
2098.0 0.0017165165000000001
2099.0 0.0017463684
2100.0 0.0017600786
2101.0 0.0017569605
2102.0 0.0019340293
2103.0 0.0023486946
2104.0 0.0024286766
2105.0 0.0027750783
2106.0 0.003166056
2107.0 0.0039288329
2108.0 0.0050089546000000006
2109.0 0.0065989557
2110.0 0.0091423779
2111.0 0.0124563393
2112.0 0.0159232703
2113.0 0.0187441889
2114.0 0.020035101
2115.0 0.0194537207
2116.0 0.0172698976
2117.0 0.014203751
2118.0 0.0109322521
2119.0 0.0081057896
2120.0 0.0053777283000000006
2121.0 0.0028033809
2122.0 0.0010197304
2123.0 0.0003574345
2124.0 0.0015392464000000001
2125.0 0.0048366645
2126.0 0.010828226100000001
2127.0 0.018899866300000002
2128.0 0.0273252459
2129.0 0.0335374602
2130.0 0.0374428118
2131.0 0.036006542
2132.0 0.030115777000000003
2133.0 0.0228486091
2134.0 0.0159477985
2135.0 0.0102556279
2136.0 0.006882224100000001
2137.0 0.0058601038000000005
2138.0 0.0066934244
2139.0 0.0085515611
2140.0 0.0103379981
2141.0 0.011340718500000001
2142.0 0.0116895005
2143.0 0.011857322
2144.0 0.0119600481
2145.0 0.0121075961
2146.0 0.0124897206
2147.0 0.0132760221
2148.0 0.0145984505
2149.0 0.016438657500000002
2150.0 0.0179695351
2151.0 0.0180261682
2152.0 0.0168058008
2153.0 0.015734592500000002
2154.0 0.0152796187
2155.0 0.0153735315
2156.0 0.0159595066
2157.0 0.0160186509
2158.0 0.014821844
2159.0 0.0123868131
2160.0 0.009419953200000001
2161.0 0.0067459547
2162.0 0.0050643017
2163.0 0.004430847700000001
2164.0 0.0044898054000000005
2165.0 0.0053358444
2166.0 0.0066394693
2167.0 0.0086284299
2168.0 0.0117603075
2169.0 0.0167055394
2170.0 0.023400644800000002
2171.0 0.030967073100000003
2172.0 0.0372993238
2173.0 0.041266277000000004
2174.0 0.0426363705
2175.0 0.0422443298
2176.0 0.040223902400000004
2177.0 0.0356124514
2178.0 0.028526994400000002
2179.0 0.0211950838
2180.0 0.0162240911
2181.0 0.014356478300000001
2182.0 0.014784881100000001
2183.0 0.015762611200000002
2184.0 0.015498473200000001
2185.0 0.0133516521
2186.0 0.0097943079
2187.0 0.0066366877
2188.0 0.0045055212
2189.0 0.0034622732
2190.0 0.0029013485
2191.0 0.0030107272
2192.0 0.0031390631
2193.0 0.0033458632
2194.0 0.0040908953
2195.0 0.0051595578
2196.0 0.0067475738
2197.0 0.0083408891
2198.0 0.009674918000000001
2199.0 0.0100680679
2200.0 0.0094518717
2201.0 0.0093527834
2202.0 0.0098283434
2203.0 0.0113766191
2204.0 0.0137691957
2205.0 0.0153431199
2206.0 0.0145658594
2207.0 0.0116683887
2208.0 0.007667478
2209.0 0.0042095234
2210.0 0.0022120401000000002
2211.0 0.0017633772
2212.0 0.0021572844
2213.0 0.0030903989
2214.0 0.0043302502
2215.0 0.0063276047
2216.0 0.0087963289
2217.0 0.0120307486
2218.0 0.0149292025
2219.0 0.0169902665
2220.0 0.0174320643
2221.0 0.0160693573
2222.0 0.013546560400000001
2223.0 0.010572064
2224.0 0.007736619100000001
2225.0 0.0054946938
2226.0 0.0035625657
2227.0 0.00242297
2228.0 0.0027232007
2229.0 0.0047848883
2230.0 0.0088857906
2231.0 0.0153006883
2232.0 0.022830933100000003
2233.0 0.029421456000000002
2234.0 0.0322152479
2235.0 0.030128668
2236.0 0.023753403500000003
2237.0 0.016388674000000002
2238.0 0.0102869295
2239.0 0.005747866700000001
2240.0 0.0031759599
2241.0 0.0025337566
2242.0 0.0030122619000000003
2243.0 0.0040967822
2244.0 0.0054040175
2245.0 0.0065878427
2246.0 0.0076939119
2247.0 0.0086859764
2248.0 0.009934732
2249.0 0.0113233576
2250.0 0.0121851441
2251.0 0.0125079341
2252.0 0.0125813454
2253.0 0.0125209676
2254.0 0.01249504
2255.0 0.012228479300000001
2256.0 0.0115548293
2257.0 0.011053506900000001
2258.0 0.010666421300000001
2259.0 0.010077670300000001
2260.0 0.0093488124
2261.0 0.0084996292
2262.0 0.007545332300000001
2263.0 0.0067276881
2264.0 0.006418514100000001
2265.0 0.0069515082
2266.0 0.0085308749
2267.0 0.011641578100000001
2268.0 0.0155070827
2269.0 0.0194690487
2270.0 0.0219214676
2271.0 0.0223763991
2272.0 0.0205264584
2273.0 0.0173201805
2274.0 0.0137988921
2275.0 0.010558579700000001
2276.0 0.0076291542
2277.0 0.0054710599
2278.0 0.0052632663000000005
2279.0 0.0072090099000000005
2280.0 0.0117255858
2281.0 0.0178415357
2282.0 0.0242998783
2283.0 0.0284651232
2284.0 0.030286720500000003
2285.0 0.029474022000000002
2286.0 0.0265733108
2287.0 0.0210820296
2288.0 0.0149737492
2289.0 0.0089913404
2290.0 0.004016181000000001
2291.0 0.0013144989
2292.0 0.0002798837
2293.0 0.0001316422
2294.0 0.0003918091
2295.0 0.000564726
2296.0 0.0007446554
2297.0 0.0006724018
2298.0 0.0006455982
2299.0 0.0008648733
2300.0 0.0007744081
2301.0 0.0006241066
2302.0 0.0008169048000000001
2303.0 0.0007250222
2304.0 0.0005841744
2305.0 0.0006331507
2306.0 0.0006798132
2307.0 0.0005435874
2308.0 0.0005907386
2309.0 0.000799992
2310.0 0.0008670058000000001
2311.0 0.0007281657
2312.0 0.0007080261
2313.0 0.0007767263
2314.0 0.000733445
2315.0 0.0008411822000000001
2316.0 0.0010108456
2317.0 0.0009621029
2318.0 0.0011956895
2319.0 0.0015485568
2320.0 0.0017902447
2321.0 0.0018892963
2322.0 0.0024358928
2323.0 0.0031542232
2324.0 0.0041408391
2325.0 0.0060658427
2326.0 0.0092806126
2327.0 0.013345197100000001
2328.0 0.0170600312
2329.0 0.0183822325
2330.0 0.016247661400000002
2331.0 0.011230560300000001
2332.0 0.0053242054
2333.0 0.0007711523
2334.0 0.0
2335.0 0.0
2336.0 0.0001374506
2337.0 0.0013647499
2338.0 0.0022599428
2339.0 0.0031902052000000003
2340.0 0.00380627
2341.0 0.0047411237000000005
2342.0 0.0057277034
2343.0 0.0068293482
2344.0 0.0076993441
2345.0 0.0081813551
2346.0 0.0076482111
2347.0 0.0066461312000000005
2348.0 0.005497980600000001
2349.0 0.004641091500000001
2350.0 0.0038217955
2351.0 0.0034901037000000003
2352.0 0.0037088119
2353.0 0.0045582995
2354.0 0.0061091708
2355.0 0.0085023931
2356.0 0.010818900400000001
2357.0 0.0126333151
2358.0 0.013839331000000002
2359.0 0.0142273303
2360.0 0.0140258125
2361.0 0.0136666189
2362.0 0.013522669900000001
2363.0 0.0134641013
2364.0 0.013121262500000001
2365.0 0.013048606400000001
2366.0 0.0131660327
2367.0 0.0132723298
2368.0 0.0138766562
2369.0 0.015421959800000001
2370.0 0.0181275674
2371.0 0.0227105953
2372.0 0.0290863732
2373.0 0.03539235
2374.0 0.0407387205
2375.0 0.043754053700000003
2376.0 0.0449273024
2377.0 0.0446895698
2378.0 0.0433082071
2379.0 0.0396447922
2380.0 0.0337946463
2381.0 0.0266752217
2382.0 0.02131664
2383.0 0.018541154100000002
2384.0 0.018877416100000002
2385.0 0.0195053804
2386.0 0.019880649400000002
2387.0 0.0183292624
2388.0 0.0157841527
2389.0 0.0132094742
2390.0 0.0108778789
2391.0 0.0089006193
2392.0 0.0080301651
2393.0 0.0077132222000000005
2394.0 0.008057057900000001
2395.0 0.0091611955
2396.0 0.0107758913
2397.0 0.0122695774
2398.0 0.0127560369
2399.0 0.0118020346
2400.0 0.0099238307
2401.0 0.0076639894000000005
2402.0 0.006381943100000001
2403.0 0.006072757000000001
2404.0 0.0067610042
2405.0 0.0086022549
2406.0 0.0107430042
2407.0 0.0127713272
2408.0 0.014145158100000001
2409.0 0.0144367599
2410.0 0.0134354721
2411.0 0.011930304000000001
2412.0 0.010547261300000001
2413.0 0.0099843886
2414.0 0.010538995300000001
2415.0 0.011929877
2416.0 0.0138961949
2417.0 0.014948502700000001
2418.0 0.015319776700000001
2419.0 0.0148052339
2420.0 0.0131882024
2421.0 0.0121780332
2422.0 0.011750484
2423.0 0.0118624347
2424.0 0.0128985585
2425.0 0.013869586100000001
2426.0 0.0143834322
2427.0 0.013185036300000001
2428.0 0.011785945800000001
2429.0 0.0116306797
2430.0 0.0121008738
2431.0 0.0127441306
2432.0 0.0133675853
2433.0 0.0129760792
2434.0 0.0119097835
2435.0 0.010340741700000001
2436.0 0.0091015594
2437.0 0.0084410066
2438.0 0.0085782991
2439.0 0.009060616300000001
2440.0 0.009667978
2441.0 0.0098276613
2442.0 0.009260774900000001
2443.0 0.0083350038
2444.0 0.0074835890000000006
2445.0 0.0067282015
2446.0 0.006681543000000001
2447.0 0.0069858329
2448.0 0.0077087693
2449.0 0.0087410305
2450.0 0.0092419458
2451.0 0.0101632246
2452.0 0.0117876136
2453.0 0.013299541100000001
2454.0 0.0157224004
2455.0 0.0179801931
2456.0 0.020100975
2457.0 0.0214551119
2458.0 0.0223962926
2459.0 0.0227151893
2460.0 0.0222423269
2461.0 0.0218778908
2462.0 0.021438035600000002
2463.0 0.0215331082
2464.0 0.0212700251
2465.0 0.0211008326
2466.0 0.0215853909
2467.0 0.021780464000000003
2468.0 0.0219862173
2469.0 0.021579021
2470.0 0.0199880902
2471.0 0.0183183793
2472.0 0.0180809453
2473.0 0.020485863400000002
2474.0 0.0250380233
2475.0 0.030365051900000002
2476.0 0.0346181857
2477.0 0.0363006909
2478.0 0.034892287200000004
2479.0 0.030813892800000003
2480.0 0.0246891835
2481.0 0.0183336755
2482.0 0.0128990826
2483.0 0.008292443600000001
2484.0 0.0051676873
2485.0 0.0032204251000000003
2486.0 0.0025157669
2487.0 0.0021666312
2488.0 0.002469976
2489.0 0.0028727831000000003
2490.0 0.002915876
2491.0 0.0031212241
2492.0 0.0033155587
2493.0 0.0036849020000000003
2494.0 0.0036665396
2495.0 0.0038985718000000003
2496.0 0.0041941532
2497.0 0.0040748301
2498.0 0.0041662393
2499.0 0.0043259777
2500.0 0.0044311705000000005
2501.0 0.004633473
2502.0 0.0050791941
2503.0 0.0057257689
2504.0 0.0065959924
2505.0 0.008098208400000001
2506.0 0.0101521222
2507.0 0.0131809605
2508.0 0.0170002504
2509.0 0.0208775536
2510.0 0.0236544326
2511.0 0.0245586052
2512.0 0.0232888918
2513.0 0.0211919487
2514.0 0.0194757596
2515.0 0.019320602200000002
2516.0 0.0207370384
2517.0 0.0233869818
2518.0 0.0255821392
2519.0 0.0263345042
2520.0 0.0253162964
2521.0 0.0230362032
2522.0 0.021330199
2523.0 0.0191976872
2524.0 0.0165970615
2525.0 0.0131967435
2526.0 0.0098315148
2527.0 0.0066622190000000005
2528.0 0.0049293331
2529.0 0.0045195137
2530.0 0.0043602692
2531.0 0.0044018582
2532.0 0.0044373636
2533.0 0.0042545985
2534.0 0.0043558127
2535.0 0.0047555492000000005
2536.0 0.0053597788
2537.0 0.006234918000000001
2538.0 0.0071771306000000005
2539.0 0.0079349943
2540.0 0.0085236263
2541.0 0.0085624217
2542.0 0.0082011732
2543.0 0.0073318019000000005
2544.0 0.006446074
2545.0 0.0063715885
2546.0 0.0070637382
2547.0 0.0076812763000000004
2548.0 0.008657246
2549.0 0.0090787461
2550.0 0.0093064906
2551.0 0.008925612000000001
2552.0 0.0083944285
2553.0 0.0072802966000000005
2554.0 0.0060169702
2555.0 0.0050575478
2556.0 0.0041889457
2557.0 0.0034579391
2558.0 0.0028787493
2559.0 0.0022866642
2560.0 0.0019564421
2561.0 0.0019538142
2562.0 0.0025487746
2563.0 0.0037703166000000003
2564.0 0.0055155032
2565.0 0.0077034633
2566.0 0.0096666726
2567.0 0.0112652166
2568.0 0.0127303267
2569.0 0.0134420379
2570.0 0.0138195188
2571.0 0.0141498604
2572.0 0.013356238900000001
2573.0 0.0122706262
2574.0 0.010790162300000001
2575.0 0.009148068700000001
2576.0 0.0075338646000000006
2577.0 0.0066994024
2578.0 0.0062903884
2579.0 0.0067240905
2580.0 0.0073903695000000005
2581.0 0.0084122719
2582.0 0.0092526629
2583.0 0.009495075700000001
2584.0 0.0093473021
2585.0 0.0092655275
2586.0 0.009543610000000001
2587.0 0.0102496667
2588.0 0.0110129867
2589.0 0.011572842100000001
2590.0 0.011495482000000001
2591.0 0.011033047800000001
2592.0 0.0098244413
2593.0 0.008120553400000001
2594.0 0.006496089
2595.0 0.0046262103
2596.0 0.0027778527
2597.0 0.0018818092
2598.0 0.0010318485
2599.0 0.0010184071
2600.0 0.0010999957000000001
2601.0 0.0010370886
2602.0 0.0010250621
2603.0 0.000977243
2604.0 0.0015046454000000001
2605.0 0.0014329358
2606.0 0.001373318
2607.0 0.0014043302000000001
2608.0 0.0015709334
2609.0 0.0016453064000000002
2610.0 0.0016521717
2611.0 0.001719784
2612.0 0.0018117768
2613.0 0.0018870327
2614.0 0.0018502963
2615.0 0.0023664267000000003
2616.0 0.0026905048
2617.0 0.0031506827
2618.0 0.0039866515000000005
2619.0 0.0049043356
2620.0 0.0062074065
2621.0 0.007321362400000001
2622.0 0.0079795039
2623.0 0.0081096222
2624.0 0.007800824600000001
2625.0 0.0075684885000000006
2626.0 0.0073279308
2627.0 0.007405039
2628.0 0.0079305285
2629.0 0.0081814126
2630.0 0.008732657500000001
2631.0 0.0088766605
2632.0 0.0086875396
2633.0 0.0084472929
2634.0 0.0086000911
2635.0 0.0093460014
2636.0 0.0107518309
2637.0 0.0125633327
2638.0 0.014333325400000001
2639.0 0.0159868204
2640.0 0.017335022800000002
2641.0 0.018453961300000002
2642.0 0.0194357101
2643.0 0.020089954
2644.0 0.0206823024
2645.0 0.0204107436
2646.0 0.0198280444
2647.0 0.0184492381
2648.0 0.016854357400000002
2649.0 0.015140162200000001
2650.0 0.0132703303
2651.0 0.0122799832
2652.0 0.0127621107
2653.0 0.014779408300000001
2654.0 0.0175339584
2655.0 0.0196649347
2656.0 0.020490288500000002
2657.0 0.0194859467
2658.0 0.0166050539
2659.0 0.0126933224
2660.0 0.008825486300000001
2661.0 0.0051715281
2662.0 0.0024482522000000002
2663.0 0.0010246447000000001
2664.0 0.0007606453
2665.0 0.0007719829
2666.0 0.0006133621
2667.0 0.0010233743
2668.0 0.0012926043
2669.0 0.0013308458
2670.0 0.0013128007
2671.0 0.0012046798
2672.0 0.0015045107000000002
2673.0 0.0016820136
2674.0 0.00188662
2675.0 0.0018017686
2676.0 0.0020685928
2677.0 0.0019705266
2678.0 0.0020588196
2679.0 0.0020031330000000003
2680.0 0.0016177734
2681.0 0.0015368616
2682.0 0.0012532653
2683.0 0.0010765723000000001
2684.0 0.0010430497000000001
2685.0 0.0011013872
2686.0 0.0007346065
2687.0 0.0006556599
2688.0 0.0004742702
2689.0 0.000535786
2690.0 0.00042671040000000004
2691.0 0.000681487
2692.0 0.0007690594
2693.0 0.0010508332
2694.0 0.0013785158000000001
2695.0 0.0022680591000000003
2696.0 0.0029296969
2697.0 0.0036911898
2698.0 0.0045652288000000004
2699.0 0.00542434
2700.0 0.0060662311000000005
2701.0 0.0066063383
2702.0 0.0067263845
2703.0 0.0062921369
2704.0 0.0064123818
2705.0 0.006122114200000001
2706.0 0.0059295233000000004
2707.0 0.0059393696
2708.0 0.006151443600000001
2709.0 0.0059840352000000005
2710.0 0.0061107523
2711.0 0.0060821165
2712.0 0.0060267025
2713.0 0.0061281479
2714.0 0.0062077643
2715.0 0.006685925200000001
2716.0 0.007333330900000001
2717.0 0.0081265417
2718.0 0.0094816892
2719.0 0.0110055503
2720.0 0.0123819687
2721.0 0.0136572524
2722.0 0.0149774412
2723.0 0.015866804
2724.0 0.0160626082
2725.0 0.0153001734
2726.0 0.0136283419
2727.0 0.0121957808
2728.0 0.01082216
2729.0 0.0094245817
2730.0 0.0094055159
2731.0 0.010457465800000001
2732.0 0.012052381400000001
2733.0 0.0143430871
2734.0 0.0166743954
2735.0 0.0183282611
2736.0 0.0187309414
2737.0 0.0179267338
2738.0 0.016102688100000002
2739.0 0.0140970348
2740.0 0.0126815295
2741.0 0.013025706000000001
2742.0 0.0146580257
2743.0 0.015786509900000002
2744.0 0.0152866948
2745.0 0.0133574047
2746.0 0.0105907273
2747.0 0.0080980947
2748.0 0.0057410912
2749.0 0.0038987032
2750.0 0.002759351
2751.0 0.002227653
2752.0 0.0017193738
2753.0 0.0016902500000000001
2754.0 0.0019875095
2755.0 0.0025444352
2756.0 0.0034450558
2757.0 0.0048005229000000005
2758.0 0.0066478472
2759.0 0.0082200312
2760.0 0.009387643400000001
2761.0 0.0103582666
2762.0 0.0100594415
2763.0 0.009230284200000001
2764.0 0.0080094143
2765.0 0.0068090152
2766.0 0.0060644792
2767.0 0.005579850700000001
2768.0 0.0057155876000000005
2769.0 0.006343124800000001
2770.0 0.0071157062
2771.0 0.0078712799
2772.0 0.00816792
2773.0 0.008141007300000001
2774.0 0.008234067000000001
2775.0 0.0092070668
2776.0 0.0110464211
2777.0 0.013316089900000001
2778.0 0.015269827000000001
2779.0 0.0156538567
2780.0 0.015489239
2781.0 0.013882575900000001
2782.0 0.0124178571
2783.0 0.012359711800000001
2784.0 0.0120961803
2785.0 0.0121944105
2786.0 0.0116518092
2787.0 0.0105280094
2788.0 0.008657929600000001
2789.0 0.006635163800000001
2790.0 0.0046802932
2791.0 0.0029093455
2792.0 0.0014586835
2793.0 0.00038654250000000003
2794.0 0.000120303
2795.0 0.0
2796.0 0.0
2797.0 0.0006965629
2798.0 0.0019288151
2799.0 0.0029238256
2800.0 0.0041796616000000005
2801.0 0.0057265810000000006
2802.0 0.0061394838000000005
2803.0 0.0069756118
2804.0 0.0075679301
2805.0 0.0073624094000000005
2806.0 0.0070049192
2807.0 0.0065518161
2808.0 0.0059341014
2809.0 0.0059914461000000006
2810.0 0.007152839
2811.0 0.008775362600000001
2812.0 0.0102389213
2813.0 0.011956140700000001
2814.0 0.013309115500000001
2815.0 0.0137236226
2816.0 0.0142813865
2817.0 0.0137256566
2818.0 0.012634822300000001
2819.0 0.010277824500000001
2820.0 0.007911543200000001
2821.0 0.0055808593
2822.0 0.0036649415000000003
2823.0 0.0022488914
2824.0 0.0010919645000000001
2825.0 0.0
2826.0 0.0
2827.0 0.0
2828.0 0.0
2829.0 0.0
2830.0 0.0
2831.0 0.0
2832.0 0.000358905
2833.0 0.0003760597
2834.0 0.0005934743
2835.0 0.0005759366
2836.0 0.0008811904
2837.0 0.0011099388
2838.0 0.0015064526000000001
2839.0 0.0020576861
2840.0 0.0025843921
2841.0 0.0031213697
2842.0 0.0039330225
2843.0 0.0042353526
2844.0 0.0046645289
2845.0 0.0044460546
2846.0 0.0043718804
2847.0 0.0038692781000000003
2848.0 0.0036865087
2849.0 0.0034303978000000002
2850.0 0.0038017261
2851.0 0.0042613724
2852.0 0.004986173
2853.0 0.0053112161
2854.0 0.0050266936
2855.0 0.0041321349
2856.0 0.0032753307
2857.0 0.0023207130000000003
2858.0 0.0016770148000000002
2859.0 0.0018560215
2860.0 0.0027483382
2861.0 0.0039082748
2862.0 0.005801030600000001
2863.0 0.0080394344
2864.0 0.010044619900000001
2865.0 0.0107275666
2866.0 0.010914223
2867.0 0.0102324345
2868.0 0.008859083700000001
2869.0 0.007323642500000001
2870.0 0.0057597571
2871.0 0.0046033111
2872.0 0.0038109648000000003
2873.0 0.0032473318000000003
2874.0 0.0034152892000000002
2875.0 0.0029904679
2876.0 0.0028172598
2877.0 0.0027454782
2878.0 0.0032881807
2879.0 0.0038679381
2880.0 0.0049835743
2881.0 0.0062959076
2882.0 0.0082912329
2883.0 0.0095629053
2884.0 0.0113547766
2885.0 0.012642039400000001
2886.0 0.013822899999999999
2887.0 0.0149808439
2888.0 0.0155972257
2889.0 0.0157884212
2890.0 0.014472412700000001
2891.0 0.0123311077
2892.0 0.0105052396
2893.0 0.007896125
2894.0 0.0061243907
2895.0 0.0052377472
2896.0 0.0052908556
2897.0 0.0061727342
2898.0 0.0079178222
2899.0 0.0103938367
2900.0 0.0127544479
2901.0 0.0152657276
2902.0 0.0175857809
2903.0 0.0189803516
2904.0 0.0192660835
2905.0 0.018657112700000002
2906.0 0.017249425500000002
2907.0 0.014759512
2908.0 0.0130124139
2909.0 0.0104937125
2910.0 0.0081622512
2911.0 0.006188094900000001
2912.0 0.0049057837
2913.0 0.003914038
2914.0 0.0038423470000000003
2915.0 0.0045197926
2916.0 0.0051677838
2917.0 0.0059011943
2918.0 0.0060965705000000005
2919.0 0.0054702928
2920.0 0.0042451862
2921.0 0.0031942555
2922.0 0.0027352358
2923.0 0.0023072149
2924.0 0.0026657252
2925.0 0.0032577432
2926.0 0.0034535567000000002
2927.0 0.0038498125
2928.0 0.0042985286000000004
2929.0 0.0048172523
2930.0 0.0056528536
2931.0 0.0070278294
2932.0 0.0087700051
2933.0 0.0097635431
2934.0 0.009723419
2935.0 0.0094708864
2936.0 0.0079164317
2937.0 0.006009570200000001
2938.0 0.0044814835
2939.0 0.0034761080000000003
2940.0 0.0031498427
2941.0 0.0028179254
2942.0 0.0030231501
2943.0 0.0034828567
2944.0 0.0035267711
2945.0 0.0036466076000000003
2946.0 0.0034977118
2947.0 0.0032695081
2948.0 0.0028870133
2949.0 0.0027799820000000003
2950.0 0.0023544922
2951.0 0.002618936
2952.0 0.0027019247
2953.0 0.0030452921000000003
2954.0 0.0036127913000000003
2955.0 0.004062377
2956.0 0.004470544700000001
2957.0 0.0046413455000000004
2958.0 0.0049810893
2959.0 0.004921169
2960.0 0.0050719837
2961.0 0.0046346036
2962.0 0.0039703791
2963.0 0.0042746828
2964.0 0.0052233411
2965.0 0.0056671968000000005
2966.0 0.0067625213
2967.0 0.0073784015
2968.0 0.007368352000000001
2969.0 0.0069204612
2970.0 0.00660953
2971.0 0.0058533174
2972.0 0.0047706962000000006
2973.0 0.005109148
2974.0 0.0050600173000000005
2975.0 0.005577066800000001
2976.0 0.005838588400000001
2977.0 0.0056175247
2978.0 0.0047118569
2979.0 0.0038344432
2980.0 0.0033775651
2981.0 0.0031117509000000002
2982.0 0.0026609813000000003
2983.0 0.0028449671
2984.0 0.0028395593000000003
2985.0 0.0025322386000000002
2986.0 0.0016902385000000001
2987.0 0.0014432702
2988.0 0.0008392834
2989.0 0.0005456986
2990.0 0.00027047190000000003
2991.0 0.000144293
2992.0 0.0006872968000000001
2993.0 0.0007499662
2994.0 0.0007332835
2995.0 0.0009169867000000001
2996.0 0.0010787192
2997.0 0.0017582401000000001
2998.0 0.0021726191000000002
2999.0 0.0023254839
3000.0 0.0029712319000000003
3001.0 0.0038248781000000003
3002.0 0.0039969089
3003.0 0.0038037137
3004.0 0.0033117308
3005.0 0.0030336128
3006.0 0.0029591031000000003
3007.0 0.0024545074
3008.0 0.0021563856
3009.0 0.0018128734000000001
3010.0 0.0014878674
3011.0 0.0014736719
3012.0 0.0018446888
3013.0 0.0010793097
3014.0 0.0020013929
3015.0 0.0028386282000000002
3016.0 0.0038511718000000003
3017.0 0.0052167135
3018.0 0.0062079567
3019.0 0.006730079000000001
3020.0 0.0073322838000000005
3021.0 0.0074896869000000005
3022.0 0.007611367000000001
3023.0 0.007595234100000001
3024.0 0.0068553006
3025.0 0.0067782637
3026.0 0.0058512121
3027.0 0.0054585058
3028.0 0.0047758952000000006
3029.0 0.0044322116
3030.0 0.0043336021
3031.0 0.0045596068
3032.0 0.0046178299
3033.0 0.0052684323000000005
3034.0 0.0057305978
3035.0 0.006466274100000001
3036.0 0.0069446628
3037.0 0.0073958684
3038.0 0.0077939298
3039.0 0.0076697247
3040.0 0.0074302098
3041.0 0.0068903621
3042.0 0.0062429919000000006
3043.0 0.0056613679
3044.0 0.0045703863
3045.0 0.0035244497
3046.0 0.0026121713
3047.0 0.0022754818
3048.0 0.0018204966
3049.0 0.0011409339
3050.0 0.0014301885000000002
3051.0 0.0015553311000000001
3052.0 0.0021473667
3053.0 0.0027115327000000002
3054.0 0.0035505596
3055.0 0.0049493505000000005
3056.0 0.0061430229000000005
3057.0 0.0074261303
3058.0 0.0089228845
3059.0 0.0100693834
3060.0 0.011151962900000001
3061.0 0.0114347046
3062.0 0.0112168049
3063.0 0.0105164491
3064.0 0.009104883900000001
3065.0 0.0078544438
3066.0 0.0065737525
3067.0 0.0055747595
3068.0 0.0052085563
3069.0 0.0052200287000000005
3070.0 0.0051129242000000005
3071.0 0.0053620025
3072.0 0.007000858
3073.0 0.0074687653
3074.0 0.0082589255
3075.0 0.0091474862
3076.0 0.0098120152
3077.0 0.0106329936
3078.0 0.0109292502
3079.0 0.0110945034
3080.0 0.0104853205
3081.0 0.009050981100000001
3082.0 0.0084424184
3083.0 0.0070676632
3084.0 0.005907523400000001
3085.0 0.0050892378
3086.0 0.0044011517000000005
3087.0 0.0037880023
3088.0 0.0035433099
3089.0 0.0038052614
3090.0 0.0044234974
3091.0 0.0055535227
3092.0 0.0075203543000000005
3093.0 0.0095481162
3094.0 0.010172485200000001
3095.0 0.0110789136
3096.0 0.0119870998
3097.0 0.0113869256
3098.0 0.011243396800000001
3099.0 0.0102889421
3100.0 0.0088418512
3101.0 0.0075041071
3102.0 0.0064234571
3103.0 0.0054950911
3104.0 0.0050378212000000006
3105.0 0.0048048635
3106.0 0.0053820553
3107.0 0.0057673289
3108.0 0.006257602100000001
3109.0 0.0068031229
3110.0 0.006544534
3111.0 0.006972554000000001
3112.0 0.0069270024
3113.0 0.0070382062
3114.0 0.0073733057
3115.0 0.0080768983
3116.0 0.008712735400000001
3117.0 0.0094423441
3118.0 0.009531415100000001
3119.0 0.0109531527
3120.0 0.011480474800000001
3121.0 0.011602893500000001
3122.0 0.0119260324
3123.0 0.0123647702
3124.0 0.012473356000000001
3125.0 0.012528388000000001
3126.0 0.012380100500000001
3127.0 0.011340469700000001
3128.0 0.0100234499
3129.0 0.008549331700000001
3130.0 0.0064779058
3131.0 0.006384098800000001
3132.0 0.0052216093
3133.0 0.0052274243
3134.0 0.0063894229
3135.0 0.0078682495
3136.0 0.009234468400000001
3137.0 0.0098842958
3138.0 0.009288835300000001
3139.0 0.0085618584
3140.0 0.0067214129
3141.0 0.0054535544
3142.0 0.0048503096
3143.0 0.0036281225000000003
3144.0 0.0031976956
3145.0 0.0032610940000000004
3146.0 0.0030030348
3147.0 0.0029673703
3148.0 0.0028907145
3149.0 0.0032160585
3150.0 0.0031018321
3151.0 0.0036096621
3152.0 0.0036518859
3153.0 0.0040390362
3154.0 0.0042436454
3155.0 0.0042872249
3156.0 0.0050020086
3157.0 0.005659096000000001
3158.0 0.0066763558
3159.0 0.0080589128
3160.0 0.0090724124
3161.0 0.010661181700000001
3162.0 0.0113259708
3163.0 0.011754366700000001
3164.0 0.0108027466
3165.0 0.0097015587
3166.0 0.0087952741
3167.0 0.007851977100000001
3168.0 0.0068348387
3169.0 0.0062819727
3170.0 0.0051395392
3171.0 0.0050228613000000005
3172.0 0.0050155434
3173.0 0.0050686122
3174.0 0.0054599828
3175.0 0.005978316
3176.0 0.0064110726000000005
3177.0 0.0060668698
3178.0 0.006383322800000001
3179.0 0.006276009000000001
3180.0 0.0060554719000000005
3181.0 0.0062666583
3182.0 0.0072239172
3183.0 0.007685802
3184.0 0.0085037917
3185.0 0.0091815026
3186.0 0.0100469963
3187.0 0.011164956
3188.0 0.0115308192
3189.0 0.0123531171
3190.0 0.0120854306
3191.0 0.0132045719
3192.0 0.012072081
3193.0 0.0115871082
3194.0 0.010935995
3195.0 0.0100603537
3196.0 0.0090023722
3197.0 0.0090471641
3198.0 0.0092548084
3199.0 0.0099937227
3200.0 0.012266277800000001
3201.0 0.0132740674
3202.0 0.0136817701
3203.0 0.012649554700000001
3204.0 0.012047166500000001
3205.0 0.0102264243
3206.0 0.0091465529
3207.0 0.00788461
3208.0 0.0071220073
3209.0 0.0074473819
3210.0 0.0058933273
3211.0 0.005790890700000001
3212.0 0.0044047945
3213.0 0.0033076862000000003
3214.0 0.0022706939
3215.0 0.0019159115000000001
3216.0 0.0019139035000000002
3217.0 0.0015844216000000001
3218.0 0.0015490032
3219.0 0.0011413625
3220.0 0.0030299685000000002
3221.0 0.0027495642
3222.0 0.0035972982
3223.0 0.0045015177
3224.0 0.0048703725
3225.0 0.005541115100000001
3226.0 0.005511772900000001
3227.0 0.0054161508
3228.0 0.0056963715
3229.0 0.0052506973
3230.0 0.0050983470000000005
3231.0 0.0037206444
3232.0 0.0037233538000000003
3233.0 0.0032260995000000002
3234.0 0.0027901682
3235.0 0.0022614082
3236.0 0.0019832831
3237.0 0.0020543594
3238.0 0.0026684552
3239.0 0.0019844603
3240.0 0.0028217234
3241.0 0.0033442369000000003
3242.0 0.003305871
3243.0 0.0035125596
3244.0 0.0036284556000000003
3245.0 0.0032278317000000003
3246.0 0.0030016977
3247.0 0.0029754436
3248.0 0.0033683753
3249.0 0.00304475
3250.0 0.0040928707
3251.0 0.0038063560000000003
3252.0 0.0047442195
3253.0 0.0052381566
3254.0 0.0052647036
3255.0 0.00579265
3256.0 0.005951703
3257.0 0.0059752568
3258.0 0.0064521767
3259.0 0.0053820278000000004
3260.0 0.0057556555
3261.0 0.0054882951
3262.0 0.0057342444000000005
3263.0 0.0062331651
3264.0 0.006357378800000001
3265.0 0.0060314542
3266.0 0.0068199668000000005
3267.0 0.0062974887
3268.0 0.0063292074
3269.0 0.0058631648
3270.0 0.0057642206
3271.0 0.0046399580000000005
3272.0 0.0041498005
3273.0 0.0033996993
3274.0 0.0037369119
3275.0 0.0034145277000000003
3276.0 0.0041430457
3277.0 0.0056817355
3278.0 0.005661004900000001
3279.0 0.0058297968
3280.0 0.0063876895
3281.0 0.0060572098
3282.0 0.0045989672
3283.0 0.0031964899
3284.0 0.0027085124000000003
3285.0 0.0024148894
3286.0 0.0021329507
3287.0 0.0019920383
3288.0 0.0010077365000000001
3289.0 0.0010517543000000001
3290.0 0.0014452802
3291.0 0.0013072751000000001
3292.0 0.0021078502
3293.0 0.0029735166
3294.0 0.0029175216
3295.0 0.0028092373
3296.0 0.0033645257
3297.0 0.0031947959
3298.0 0.0028563166
3299.0 0.0028458422
3300.0 0.0031927447
3301.0 0.0020758999000000003
3302.0 0.0022295292
3303.0 0.0024880412
3304.0 0.0021439747
3305.0 0.0022538569
3306.0 0.0030476928
3307.0 0.0024305145
3308.0 0.003133237
3309.0 0.0038131547000000003
3310.0 0.0048178816
3311.0 0.0055216993
3312.0 0.0046494073
3313.0 0.0043009497
3314.0 0.0033340354
3315.0 0.0026342453
3316.0 0.0021874546
3317.0 0.0015250291
3318.0 0.0013519215
3319.0 0.0015938809
3320.0 0.0021707688000000003
3321.0 0.0036001383000000002
3322.0 0.0039483145
3323.0 0.0052055999
3324.0 0.0054614509
3325.0 0.0058191644
3326.0 0.005897589
3327.0 0.0060046466
3328.0 0.0058993343000000005
3329.0 0.0052294258000000005
3330.0 0.0057861529
3331.0 0.005236766800000001
3332.0 0.0054846887
3333.0 0.0054367949
3334.0 0.0052790958
3335.0 0.0044815697
3336.0 0.0040779566
3337.0 0.0036626508
3338.0 0.0037569803
3339.0 0.0030350352000000002
3340.0 0.0029611516
3341.0 0.0034603366000000003
3342.0 0.0040310071
3343.0 0.0046780405
3344.0 0.0045547589
3345.0 0.0057251534
3346.0 0.0066197104
3347.0 0.0062276246
3348.0 0.0069085608000000005
3349.0 0.006593029
3350.0 0.0069120313000000004
3351.0 0.0070458854
3352.0 0.0061450218
3353.0 0.0056109297
3354.0 0.0059298321
3355.0 0.0040729429
3356.0 0.0036292188000000003
3357.0 0.0034257375
3358.0 0.0026163419
3359.0 0.0027742201
3360.0 0.0025759497
3361.0 0.0034820025000000003
3362.0 0.0027557661000000002
3363.0 0.0032194011000000002
3364.0 0.0037096983
3365.0 0.0031094557
3366.0 0.0036822603000000002
3367.0 0.0041243086
3368.0 0.0036791175
3369.0 0.0042188597
3370.0 0.0034155505
3371.0 0.0029394827
3372.0 0.0035565309000000003
3373.0 0.003012968
3374.0 0.0032015103
3375.0 0.002916357
3376.0 0.0031870519
3377.0 0.0034241923
3378.0 0.0027346017
3379.0 0.0034145508
3380.0 0.0030190340000000003
3381.0 0.0035852016000000003
3382.0 0.0031764089000000002
3383.0 0.0042515645
3384.0 0.0047819394
3385.0 0.0047686154000000005
3386.0 0.005214562000000001
3387.0 0.0045297376
3388.0 0.0038484074
3389.0 0.0043021658
3390.0 0.0047071153
3391.0 0.0041577986
3392.0 0.0049271038
3393.0 0.0046798576
3394.0 0.0029519095
3395.0 0.0039868298
3396.0 0.0024931937
3397.0 0.0038470483
3398.0 0.0039499196
3399.0 0.0042500969
3400.0 0.0048651471
3401.0 0.0046282928
3402.0 0.0048916816
3403.0 0.0052370056000000005
3404.0 0.0065725956
3405.0 0.0052505135
3406.0 0.0038048374000000003
3407.0 0.0040677965
3408.0 0.0034095708
3409.0 0.0036417596000000003
3410.0 0.0025325355
3411.0 0.0024387374
3412.0 0.0023191609
3413.0 0.0025220389
3414.0 0.0015269460000000002
3415.0 0.0022079014
3416.0 0.0035587454
3417.0 0.0040074415
3418.0 0.0055545944000000005
3419.0 0.006194164
3420.0 0.0053940154
3421.0 0.0068113579
3422.0 0.006177254
3423.0 0.0061969349
3424.0 0.0054441674
3425.0 0.0057205906
3426.0 0.0051268494
3427.0 0.0056974111
3428.0 0.0056769701
3429.0 0.004751024600000001
3430.0 0.0053211738000000005
3431.0 0.0057256508
3432.0 0.0070056282
3433.0 0.0069677369
3434.0 0.0087007921
3435.0 0.0081018706
3436.0 0.0086171319
3437.0 0.007779028800000001
3438.0 0.0070201091000000005
3439.0 0.0086965172
3440.0 0.0094436286
3441.0 0.008626514200000001
3442.0 0.0099289294
3443.0 0.0089194543
3444.0 0.0091511897
3445.0 0.0085096301
3446.0 0.008025592100000001
3447.0 0.008387022400000001
3448.0 0.008102335
3449.0 0.0102687403
3450.0 0.0083736335
3451.0 0.0094531782
3452.0 0.011203032100000001
3453.0 0.0117853821
3454.0 0.0123268714
3455.0 0.011933106
3456.0 0.012966790800000001
3457.0 0.0119457515
3458.0 0.0108453403
3459.0 0.0107727372
3460.0 0.0121808917
3461.0 0.0127388378
3462.0 0.013813897700000001
3463.0 0.0133186794
3464.0 0.0141528079
3465.0 0.013137057800000001
3466.0 0.014061625000000001
3467.0 0.0146553438
3468.0 0.0123537479
3469.0 0.0135516972
3470.0 0.0140392324
3471.0 0.0113059322
3472.0 0.011309719400000001
3473.0 0.0125489633
3474.0 0.0129695565
3475.0 0.0133153783
3476.0 0.0128651634
3477.0 0.0133243579
3478.0 0.014928746100000001
3479.0 0.0157388371
3480.0 0.0206556243
3481.0 0.0164395918
3482.0 0.0184026219
3483.0 0.0202441035
3484.0 0.0182066271
3485.0 0.0222547188
3486.0 0.016778139600000002
3487.0 0.012236828
