! NMF Generated XRD
! Source = nmfMapping@PDFitc
! Created by = Zachary
! Date = 20211116215106507480
! PDFitc UUID = 261fbdf0
! q Intensity
! 
0.0 0.0001314228
1.0 0.000171184
2.0 0.0002105427
3.0 0.0002512378
4.0 0.0002976295
5.0 0.0003501846
6.0 0.00043770600000000005
7.0 0.0004946431
8.0 0.0008107996000000001
9.0 0.0014737320000000002
10.0 0.0027449144
11.0 0.0044655707
12.0 0.0055803182
13.0 0.0060759904
14.0 0.0062760752
15.0 0.0068175473
16.0 0.0065562036
17.0 0.006322198
18.0 0.0065991025000000005
19.0 0.0074384801
20.0 0.0067609947
21.0 0.0063189179
22.0 0.0068089987
23.0 0.0070166672
24.0 0.0065687603
25.0 0.0065932667
26.0 0.0069178807
27.0 0.0066407314000000005
28.0 0.0062528315
29.0 0.0057315751000000005
30.0 0.0055653294
31.0 0.0047601297
32.0 0.0038527378
33.0 0.0026038407000000003
34.0 0.0021844131
35.0 0.0020656987
36.0 0.0020227826
37.0 0.002075552
38.0 0.0021091335
39.0 0.0020908978000000003
40.0 0.002121914
41.0 0.0021914795000000003
42.0 0.0021953456000000002
43.0 0.0021700094000000002
44.0 0.0022124717
45.0 0.00224002
46.0 0.0022341606
47.0 0.0022119769
48.0 0.0022403355
49.0 0.0022981328
50.0 0.0022657535000000003
51.0 0.0022884473
52.0 0.002309671
53.0 0.0023356481
54.0 0.002320626
55.0 0.0023303266
56.0 0.0023536046000000002
57.0 0.0023464093
58.0 0.0023440734
59.0 0.002370009
60.0 0.0023872853
61.0 0.0024061486
62.0 0.0023997992000000003
63.0 0.00244007
64.0 0.0024419579
65.0 0.0024209622
66.0 0.0024143874
67.0 0.0024521596
68.0 0.0024629341
69.0 0.0024723026
70.0 0.0024997169000000002
71.0 0.0025130061
72.0 0.0025076513
73.0 0.0025096967000000003
74.0 0.0025388297
75.0 0.0025696435
76.0 0.0025651854
77.0 0.0025754762000000002
78.0 0.0026049988
79.0 0.0026195352
80.0 0.0026222809
81.0 0.0026805025
82.0 0.0026732318
83.0 0.0026930271
84.0 0.0027013062
85.0 0.0027233424000000003
86.0 0.0027268206000000002
87.0 0.0027228948000000003
88.0 0.0027209077
89.0 0.0027081637
90.0 0.0026881819000000003
91.0 0.0026789517
92.0 0.0026814267
93.0 0.0026773359
94.0 0.0026381697
95.0 0.0026265466
96.0 0.0026460607000000002
97.0 0.0026236958
98.0 0.0026102838
99.0 0.0026105251000000003
100.0 0.0026070502
101.0 0.00258271
102.0 0.0025704634
103.0 0.0025767817
104.0 0.0025722104000000003
105.0 0.0025615328
106.0 0.0025645649
107.0 0.0025736667000000003
108.0 0.0025672075
109.0 0.0025261013
110.0 0.0025418146
111.0 0.0025400062
112.0 0.0025339776
113.0 0.0025018839
114.0 0.0025247085000000002
115.0 0.0025081202
116.0 0.0024746261
117.0 0.0024923822
118.0 0.0024967359000000002
119.0 0.0024840575
120.0 0.0024696771
121.0 0.0024626976
122.0 0.0024607396
123.0 0.0024455608
124.0 0.0024298265
125.0 0.0024239091
126.0 0.0023726985
127.0 0.0024116644
128.0 0.0023983924
129.0 0.0024038618
130.0 0.0023897104
131.0 0.0023550529
132.0 0.0023617914
133.0 0.0023642639
134.0 0.0023535866
135.0 0.0023487179
136.0 0.0023495589
137.0 0.0023383815000000002
138.0 0.0023124375000000003
139.0 0.0023010113
140.0 0.0023114983
141.0 0.0022846883
142.0 0.0022674438
143.0 0.0022834365
144.0 0.0022624333
145.0 0.0022599831
146.0 0.0022345495
147.0 0.0022423116
148.0 0.0022226271
149.0 0.0021888744
150.0 0.0021929937
151.0 0.0021949469
152.0 0.0021566672
153.0 0.0021321041
154.0 0.0021567329
155.0 0.0021669267000000002
156.0 0.002129582
157.0 0.0021077295
158.0 0.0021052410000000003
159.0 0.0021157417
160.0 0.0020868953
161.0 0.0020834521
162.0 0.0020838567
163.0 0.0020751838000000002
164.0 0.0020595374
165.0 0.0020594186
166.0 0.0020378918000000003
167.0 0.0020122630000000002
168.0 0.0020014887
169.0 0.0020002724
170.0 0.0019932412000000003
171.0 0.0019660947
172.0 0.0019481413000000001
173.0 0.0019764202
174.0 0.0019412497000000002
175.0 0.0019262784000000002
176.0 0.0018980309
177.0 0.0019098694000000002
178.0 0.0018961543
179.0 0.0018533132000000002
180.0 0.0018725648
181.0 0.0018574311000000001
182.0 0.0018343114
183.0 0.0018246534
184.0 0.0018242725
185.0 0.0018227579
186.0 0.0017966134
187.0 0.0017683323000000002
188.0 0.0017855029
189.0 0.001762806
190.0 0.0017216321
191.0 0.0017426213
192.0 0.0017355484
193.0 0.0017138806
194.0 0.0016942559
195.0 0.0016720949000000001
196.0 0.0016685121
197.0 0.0016601971
198.0 0.0016730597
199.0 0.0016657786000000001
200.0 0.0016498231000000002
201.0 0.0016277037000000001
202.0 0.001600824
203.0 0.0016035173000000002
204.0 0.0015980519000000002
205.0 0.0015723698
206.0 0.0015786578
207.0 0.0015576557
208.0 0.0015445618000000001
209.0 0.0015928862
210.0 0.0015643287
211.0 0.0015482541
212.0 0.0015078243000000002
213.0 0.0015105219
214.0 0.0014971963
215.0 0.0014943728000000002
216.0 0.0015079955
217.0 0.0014843961
218.0 0.0014558184000000001
219.0 0.0014700918
220.0 0.0014605403
221.0 0.001450322
222.0 0.0014350619000000002
223.0 0.0014093116
224.0 0.0014563071
225.0 0.0014160859
226.0 0.0014335020000000001
227.0 0.0014034073
228.0 0.0014226055000000001
229.0 0.0014136866000000001
230.0 0.0013974364
231.0 0.0014215536
232.0 0.001416207
233.0 0.0013795867
234.0 0.0013855666
235.0 0.0013974463
236.0 0.001364409
237.0 0.0013626642
238.0 0.0013238583000000001
239.0 0.0013695426
240.0 0.0013728047
241.0 0.0013746388000000001
242.0 0.0013806175
243.0 0.0013594052
244.0 0.0013669407
245.0 0.0013767007
246.0 0.0013614029000000001
247.0 0.0013426178
248.0 0.0013508946
249.0 0.0013783327000000001
250.0 0.0013786933
251.0 0.0013530378000000001
252.0 0.0013506233000000001
253.0 0.0013405390000000002
254.0 0.0013435192000000001
255.0 0.0013388633000000001
256.0 0.0013540413000000002
257.0 0.0013446956000000001
258.0 0.0013601938
259.0 0.0013074399
260.0 0.0013360356
261.0 0.0013296288
262.0 0.0013214227
263.0 0.0013433139000000001
264.0 0.0013449938000000001
265.0 0.0013326734
266.0 0.0013327623
267.0 0.0013495028
268.0 0.001380373
269.0 0.0013479587
270.0 0.0013258869
271.0 0.0013624882
272.0 0.0013161069000000001
273.0 0.0013361211
274.0 0.0013540924
275.0 0.0013510456000000001
276.0 0.0013900855
277.0 0.0013672201
278.0 0.0013604506
279.0 0.0013707504000000001
280.0 0.0014090068
281.0 0.0014379743
282.0 0.0014748345000000001
283.0 0.0015034817000000001
284.0 0.001470116
285.0 0.001537687
286.0 0.0015345197
287.0 0.0015459545000000002
288.0 0.0016276377000000002
289.0 0.0015901844
290.0 0.0016431765
291.0 0.001654209
292.0 0.0017088575
293.0 0.0017357694
294.0 0.0017221571
295.0 0.0017115785
296.0 0.0016877088
297.0 0.0016442535
298.0 0.0016065248
299.0 0.0015843547
300.0 0.0015540881000000002
301.0 0.0015001126
302.0 0.0014826852000000001
303.0 0.0014594315000000001
304.0 0.0014356605
305.0 0.0014529523
306.0 0.0014166125
307.0 0.0014124918000000001
308.0 0.0013997803
309.0 0.0013805802
310.0 0.0013681107
311.0 0.0014109926
312.0 0.0014521933
313.0 0.0014684868
314.0 0.0014737132
315.0 0.0014835407
316.0 0.0015001183
317.0 0.0015025497
318.0 0.0015440081
319.0 0.0015505003000000001
320.0 0.0015928044
321.0 0.0016690058000000002
322.0 0.0017601359
323.0 0.0018856429
324.0 0.002033121
325.0 0.0022288758000000002
326.0 0.0025739128
327.0 0.0031511659
328.0 0.0042267595
329.0 0.0064603248
330.0 0.0130607766
331.0 0.030999367400000002
332.0 0.0596690792
333.0 0.080969123
334.0 0.07995034940000001
335.0 0.0684092533
336.0 0.0533010854
337.0 0.0335692389
338.0 0.0176407796
339.0 0.0094267177
340.0 0.005939404200000001
341.0 0.0047733967
342.0 0.0051401159000000005
343.0 0.0053425323
344.0 0.0042204983
345.0 0.0030894921
346.0 0.0020194114
347.0 0.0016295522000000001
348.0 0.0013963158
349.0 0.0012709753
350.0 0.0012024256
351.0 0.0011499385
352.0 0.0010991716000000001
353.0 0.0010869034
354.0 0.0011173423
355.0 0.0010922013
356.0 0.0010826851
357.0 0.0012926191
358.0 0.0017511849000000001
359.0 0.0024890776
360.0 0.0031506405000000003
361.0 0.0034574341
362.0 0.0033794056
363.0 0.0030659322
364.0 0.0027110796
365.0 0.0023766545
366.0 0.0019857647
367.0 0.0015625327
368.0 0.0012750639
369.0 0.0010327114
370.0 0.0009029728
371.0 0.0007908299
372.0 0.0007897726
373.0 0.0007147468
374.0 0.0007297635
375.0 0.0007143664
376.0 0.0007052606000000001
377.0 0.0007002334
378.0 0.0006971153
379.0 0.0007164723
380.0 0.0007378914
381.0 0.0007273744000000001
382.0 0.0007017441000000001
383.0 0.0007165768000000001
384.0 0.0008609316
385.0 0.0011221218
386.0 0.0016865078000000001
387.0 0.0018093165
388.0 0.0021179896
389.0 0.0015986627
390.0 0.0014468313
391.0 0.0012821566
392.0 0.0008606830000000001
393.0 0.0007524898
394.0 0.0007394996
395.0 0.0007415810000000001
396.0 0.0007440016
397.0 0.0007130405
398.0 0.0007134559
399.0 0.0007484119
400.0 0.0007529276
401.0 0.0007358031000000001
402.0 0.0007045756
403.0 0.0007575246000000001
404.0 0.0007313766
405.0 0.0007386075
406.0 0.000739017
407.0 0.0007750403000000001
408.0 0.0007707383000000001
409.0 0.0007671455000000001
410.0 0.0008038748
411.0 0.0008690265
412.0 0.0009280956000000001
413.0 0.0009398914
414.0 0.0009348359
415.0 0.0010227564
416.0 0.0011861034000000001
417.0 0.0012767044
418.0 0.0012275699
419.0 0.001146295
420.0 0.0011163310000000001
421.0 0.0010918721
422.0 0.0010747091000000001
423.0 0.0010874079
424.0 0.0011377552000000001
425.0 0.0012403668
426.0 0.0012128499
427.0 0.0011049103
428.0 0.0009842719
429.0 0.0009662085
430.0 0.0010419431
431.0 0.0010253421
432.0 0.0010087439
433.0 0.0010044599
434.0 0.0009984597
435.0 0.0010634701
436.0 0.0010006811
437.0 0.0010355597
438.0 0.0011193823
439.0 0.0010924414000000001
440.0 0.0011498063
441.0 0.0012351129
442.0 0.0013055130000000001
443.0 0.0014190040000000002
444.0 0.0015632093
445.0 0.0016577742000000002
446.0 0.0016951805
447.0 0.0017682344
448.0 0.0019215831
449.0 0.0020547791
450.0 0.0021258398
451.0 0.0022944353
452.0 0.0024082242
453.0 0.0025653953
454.0 0.0027361693
455.0 0.0029460318000000003
456.0 0.0032266507
457.0 0.0034834235
458.0 0.0038048452000000003
459.0 0.0042405919
460.0 0.0047622932
461.0 0.0054066694
462.0 0.0062625937
463.0 0.0074589119
464.0 0.009227908
465.0 0.0120488331
466.0 0.017002273300000002
467.0 0.0264217356
468.0 0.0458204708
469.0 0.084872286
470.0 0.15597065570000002
471.0 0.267754678
472.0 0.4949165045
473.0 0.7473513328
474.0 0.7529304229
475.0 0.5101583363000001
476.0 0.2643565262
477.0 0.1246885092
478.0 0.0612116039
479.0 0.0333379388
480.0 0.020388727500000002
481.0 0.0139794049
482.0 0.0103947799
483.0 0.0081606755
484.0 0.0067718342
485.0 0.0057112843
486.0 0.0049491437
487.0 0.004313337
488.0 0.0038951126000000003
489.0 0.0034790651
490.0 0.0030982475000000003
491.0 0.0027705104
492.0 0.0025329618
493.0 0.0023139392
494.0 0.0021019712000000003
495.0 0.0019275323000000001
496.0 0.0017814990000000002
497.0 0.0016499275
498.0 0.0015451357
499.0 0.0014969445
500.0 0.0015788319
501.0 0.0017606458
502.0 0.0016732872000000001
503.0 0.0013555768
504.0 0.0012405108
505.0 0.001189329
506.0 0.0011840662
507.0 0.0012562621
508.0 0.0013570484
509.0 0.0015323907
510.0 0.0017959018
511.0 0.0019888083
512.0 0.0020354701
513.0 0.0019741919
514.0 0.0018722791000000002
515.0 0.0017727864
516.0 0.0015802459
517.0 0.0013659183000000001
518.0 0.0011548538
519.0 0.0008367245
520.0 0.0006245625
521.0 0.0005447072
522.0 0.0004586339
523.0 0.0004224485
524.0 0.0003973795
525.0 0.00038125400000000003
526.0 0.0003830969
527.0 0.0003272813
528.0 0.0002695136
529.0 0.00024554730000000003
530.0 0.0002457742
531.0 0.0002479295
532.0 0.0002016595
533.0 0.0002140645
534.0 0.0003004271
535.0 0.0002639191
536.0 0.000209306
537.0 0.0002555934
538.0 0.0002694623
539.0 0.00036629200000000005
540.0 0.0002832789
541.0 0.00023396620000000002
542.0 0.0002349913
543.0 0.0002750705
544.0 0.0003080534
545.0 0.0002610402
546.0 0.00026112790000000003
547.0 0.0003305752
548.0 0.0003203419
549.0 0.0002850606
550.0 0.000280019
551.0 0.00031344930000000003
552.0 0.000402636
553.0 0.0004366371
554.0 0.0004929644000000001
555.0 0.0004501511
556.0 0.0004451125
557.0 0.0004936958
558.0 0.0005419364
559.0 0.0005780734
560.0 0.0006684524000000001
561.0 0.0008012228
562.0 0.0008884914000000001
563.0 0.0009862245000000001
564.0 0.0011125220000000001
565.0 0.0012272318000000001
566.0 0.0013798936
567.0 0.0015106901000000001
568.0 0.001718775
569.0 0.0019989101
570.0 0.002387953
571.0 0.0028750287
572.0 0.0037344450000000003
573.0 0.0052067244
574.0 0.007907911
575.0 0.0136223592
576.0 0.026495636700000002
577.0 0.0555914598
578.0 0.11588415760000001
579.0 0.2076625403
580.0 0.2746178599
581.0 0.2498151039
582.0 0.1539521614
583.0 0.07143777750000001
584.0 0.0313894968
585.0 0.0155804397
586.0 0.0089079558
587.0 0.0058250582
588.0 0.0042682807
589.0 0.0033505501
590.0 0.0028609422
591.0 0.002484783
592.0 0.0022674661
593.0 0.0022310152
594.0 0.0023053585
595.0 0.0021102811
596.0 0.0016745131000000001
597.0 0.0013311009
598.0 0.0011475495
599.0 0.0010099656
600.0 0.0009348866
601.0 0.0009004244000000001
602.0 0.0007948478000000001
603.0 0.0007069045
604.0 0.0007147864
605.0 0.0006490969
606.0 0.0006182656
607.0 0.0005708590000000001
608.0 0.0005493641
609.0 0.0005811154
610.0 0.0005303587
611.0 0.0005101585
612.0 0.0005027762
613.0 0.0005349902
614.0 0.0005577804
615.0 0.0005853096
616.0 0.0005935575
617.0 0.0005440556
618.0 0.0005868466
619.0 0.0006521111000000001
620.0 0.0006623546000000001
621.0 0.0007093379000000001
622.0 0.0008425257
623.0 0.0012333741
624.0 0.0014852880000000002
625.0 0.0016083096
626.0 0.0016728048
627.0 0.0015631347000000001
628.0 0.0014515146
629.0 0.0013494053
630.0 0.0012666265
631.0 0.0012536983
632.0 0.0012372676
633.0 0.0012035355
634.0 0.0012381735000000001
635.0 0.0012810529
636.0 0.0012647840000000001
637.0 0.0012919808000000001
638.0 0.0012972777000000001
639.0 0.0012744502
640.0 0.0013196285
641.0 0.0012927711
642.0 0.0012934024
643.0 0.0013675809
644.0 0.0014778665000000002
645.0 0.0018644546
646.0 0.0038243440000000004
647.0 0.0036288062
648.0 0.0031036366
649.0 0.0024602032000000003
650.0 0.0021533177
651.0 0.0022165702000000002
652.0 0.002435393
653.0 0.0027098478000000003
654.0 0.0029217444
655.0 0.0033621539
656.0 0.003947368000000001
657.0 0.0045673088
658.0 0.0053093443
659.0 0.006225811600000001
660.0 0.007397065800000001
661.0 0.0083950542
662.0 0.0088511106
663.0 0.0088371448
664.0 0.014209923900000001
665.0 0.047482887800000005
666.0 0.13245163840000002
667.0 0.2443118225
668.0 0.3041634023
669.0 0.25756487840000003
670.0 0.1483699979
671.0 0.0852935826
672.0 0.1238167963
673.0 0.1844182466
674.0 0.1705656625
675.0 0.10749110760000001
676.0 0.0581003167
677.0 0.0318948832
678.0 0.0188498201
679.0 0.0121731211
680.0 0.0086377837
681.0 0.0065099726
682.0 0.0050838870000000005
683.0 0.0041842026
684.0 0.003588406
685.0 0.0031215427
686.0 0.0028984055
687.0 0.0027919395
688.0 0.0025556638
689.0 0.0024405294
690.0 0.0021019225
691.0 0.0024569931000000002
692.0 0.0027168229
693.0 0.0028207821
694.0 0.0026848338
695.0 0.0025611082
696.0 0.0023344003
697.0 0.0030024383
698.0 0.0028071872
699.0 0.0022924561
700.0 0.0016876754000000002
701.0 0.0013574252
702.0 0.0009851948
703.0 0.0008061016
704.0 0.0006840735000000001
705.0 0.0006642077
706.0 0.0006291249
707.0 0.0007599813000000001
708.0 0.0007630448
709.0 0.0007873025
710.0 0.0013601337000000002
711.0 0.0012564206
712.0 0.0008426047000000001
713.0 0.0006383722000000001
714.0 0.00045727800000000004
715.0 0.0004278112
716.0 0.0004743063
717.0 0.0004121892
718.0 0.0004146388
719.0 0.0003819669
720.0 0.0004459328
721.0 0.0005758341
722.0 0.0006039258
723.0 0.0006066969
724.0 0.0006060752
725.0 0.0006241160000000001
726.0 0.0005805811
727.0 0.0005319089
728.0 0.0005048549
729.0 0.0005306330000000001
730.0 0.0006115183
731.0 0.0006460004
732.0 0.0006932386
733.0 0.0007839392000000001
734.0 0.0009156720000000001
735.0 0.0010806375000000001
736.0 0.0012090029000000001
737.0 0.0014067021
738.0 0.0016689136000000002
739.0 0.0021155627
740.0 0.0027476866000000003
741.0 0.0035430079000000002
742.0 0.004913781
743.0 0.0073774788
744.0 0.0129867676
745.0 0.0267026224
746.0 0.0530415682
747.0 0.08331067190000001
748.0 0.0913987004
749.0 0.07599867090000001
750.0 0.0678956653
751.0 0.07279402730000001
752.0 0.06815682640000001
753.0 0.0491450149
754.0 0.0286566442
755.0 0.015279263000000001
756.0 0.0084470671
757.0 0.0050510003000000005
758.0 0.0032456286
759.0 0.0022606813
760.0 0.0016943606
761.0 0.0012590795000000001
762.0 0.0010355902
763.0 0.0008405575
764.0 0.0007336945000000001
765.0 0.0007314515
766.0 0.00047840350000000003
767.0 0.0004360208
768.0 0.0004041523
769.0 0.0003320991
770.0 0.0003218718
771.0 0.0003449565
772.0 0.00032747690000000003
773.0 0.00035690520000000004
774.0 0.0004575359
775.0 0.0005554459
776.0 0.0008403224
777.0 0.0011007569000000001
778.0 0.0010775788
779.0 0.0011126559
780.0 0.0005339786
781.0 0.00042986040000000004
782.0 0.00046511990000000004
783.0 0.0005221194000000001
784.0 0.0006436500000000001
785.0 0.0005511473
786.0 0.0005270539000000001
787.0 0.0005414926000000001
788.0 0.0006383754
789.0 0.0006572455
790.0 0.0007018973
791.0 0.0007559312
792.0 0.0007718696
793.0 0.0008498308
794.0 0.0009780098
795.0 0.0010848039
796.0 0.0012326608
797.0 0.0014017325
798.0 0.0014835347000000001
799.0 0.0015917866
800.0 0.0017482321
801.0 0.0019709479
802.0 0.002250156
803.0 0.0025169035
804.0 0.0028210989
805.0 0.0030995801000000003
806.0 0.0036226733
807.0 0.0041484588
808.0 0.0048242406
809.0 0.0057071354000000005
810.0 0.006871194200000001
811.0 0.008490734100000001
812.0 0.0108344027
813.0 0.0144802388
814.0 0.0205447941
815.0 0.0320822617
816.0 0.0586373077
817.0 0.1190442971
818.0 0.2235654417
819.0 0.32992256680000004
820.0 0.3680673839
821.0 0.364882556
822.0 0.3877214621
823.0 0.3587308576
824.0 0.2525442408
825.0 0.1453182851
826.0 0.0763722008
827.0 0.0413240694
828.0 0.0245854279
829.0 0.0160482194
830.0 0.0112411118
831.0 0.0083643395
832.0 0.0065982162000000006
833.0 0.0054139827
834.0 0.0045339655
835.0 0.0038618824
836.0 0.0033404379000000002
837.0 0.0029775973
838.0 0.0025875503
839.0 0.0023256205
840.0 0.0019833604
841.0 0.0017475471000000002
842.0 0.0015305603000000001
843.0 0.001295871
844.0 0.001218357
845.0 0.0010812652
846.0 0.0010512991
847.0 0.0009798919
848.0 0.0008224801
849.0 0.0006599973
850.0 0.0005928503
851.0 0.0005575251
852.0 0.0005170836
853.0 0.0005204176
854.0 0.0004219634
855.0 0.0003761126
856.0 0.0003211003
857.0 0.0003246994
858.0 0.00025992720000000003
859.0 0.0002085507
860.0 0.000442062
861.0 0.00046171360000000003
862.0 0.0005286272
863.0 0.0004604764
864.0 0.0004799879
865.0 0.0004137947
866.0 0.00032784270000000003
867.0 0.0002874951
868.0 0.00021475270000000001
869.0 0.00022041780000000002
870.0 0.00026147700000000003
871.0 0.0002216998
872.0 0.0002274788
873.0 0.0002328454
874.0 0.0002577842
875.0 0.00020942050000000002
876.0 0.0001788839
877.0 0.0004049395
878.0 0.000604265
879.0 0.0011895983000000001
880.0 0.0011493291
881.0 0.0007580854000000001
882.0 0.000533818
883.0 0.0005077910000000001
884.0 0.0005111173
885.0 0.0005247385
886.0 0.0005506828
887.0 0.0005566009000000001
888.0 0.0005532994000000001
889.0 0.0005665229000000001
890.0 0.0005229527
891.0 0.000403965
892.0 0.0003298425
893.0 0.0002370519
894.0 0.0001696962
895.0 0.0002450154
896.0 0.0002504329
897.0 0.00022835890000000002
898.0 0.0001639693
899.0 0.0002657423
900.0 0.0001885319
901.0 0.0001520171
902.0 0.0001180978
903.0 0.00017375650000000002
904.0 0.0001960025
905.0 0.0001421317
906.0 0.0001553619
907.0 0.0002254904
908.0 0.0002550364
909.0 0.0002398164
910.0 0.0002366671
911.0 0.0002851966
912.0 0.0003143821
913.0 0.0002608626
914.0 0.000303384
915.0 0.0002952487
916.0 0.0002522726
917.0 0.0002760776
918.0 0.00036469000000000003
919.0 0.00040100460000000004
920.0 0.0004128619
921.0 0.0004449088
922.0 0.0005881801
923.0 0.0005843752
924.0 0.0007438884
925.0 0.0008323464
926.0 0.0009992448
927.0 0.0011973121
928.0 0.0012631243000000001
929.0 0.0013511417
930.0 0.001504071
931.0 0.0016284917000000002
932.0 0.0017865047
933.0 0.002140363
934.0 0.0025491221
935.0 0.0030962955
936.0 0.0038585976000000003
937.0 0.0049829503
938.0 0.006823586800000001
939.0 0.0098502851
940.0 0.0155429399
941.0 0.0263445507
942.0 0.043188125800000005
943.0 0.0557326444
944.0 0.0483854384
945.0 0.039333870800000004
946.0 0.0825551873
947.0 0.1910994229
948.0 0.3001943675
949.0 0.3290348394
950.0 0.2644767753
951.0 0.1667096674
952.0 0.09279556060000001
953.0 0.0513468766
954.0 0.030148863100000003
955.0 0.018897082500000002
956.0 0.0126805483
957.0 0.0091318344
958.0 0.0068318005000000005
959.0 0.0052506909000000004
960.0 0.0043719192
961.0 0.0036708941
962.0 0.0031651388
963.0 0.0026713170000000003
964.0 0.0022820947
965.0 0.0020487587
966.0 0.0017638099000000002
967.0 0.0015583531
968.0 0.0014216733000000001
969.0 0.0012897745
970.0 0.0012594332
971.0 0.0011536723
972.0 0.0011335372
973.0 0.0010874275000000001
974.0 0.0010687994
975.0 0.0014693176000000001
976.0 0.0021543924
977.0 0.0019122321
978.0 0.0019162295000000001
979.0 0.001730027
980.0 0.0020558036
981.0 0.0017915063
982.0 0.0016273162
983.0 0.0016378663
984.0 0.0015625505
985.0 0.0014164173
986.0 0.0013439208
987.0 0.0012609046
988.0 0.0012183007
989.0 0.0012262243
990.0 0.001218895
991.0 0.0012993921
992.0 0.0013484949
993.0 0.0015435837
994.0 0.0018729837
995.0 0.0020526538
996.0 0.0022714895
997.0 0.0026937876
998.0 0.0039678165000000005
999.0 0.0072440254
1000.0 0.014340379700000001
1001.0 0.023685089200000002
1002.0 0.0299913848
1003.0 0.033926539900000004
1004.0 0.0473998185
1005.0 0.06952342040000001
1006.0 0.0826042568
1007.0 0.0756314164
1008.0 0.0563214546
1009.0 0.0382070132
1010.0 0.0264877274
1011.0 0.0188721066
1012.0 0.012861327
1013.0 0.0082931787
1014.0 0.0052563098
1015.0 0.0036528335
1016.0 0.0026906143
1017.0 0.0019778221
1018.0 0.0016842428000000001
1019.0 0.0014642762
1020.0 0.0012593243000000001
1021.0 0.0011485137000000001
1022.0 0.0009969157
1023.0 0.0009734985
1024.0 0.0009803872
1025.0 0.0009694133
1026.0 0.0009114754
1027.0 0.0008554524000000001
1028.0 0.0008419385
1029.0 0.0008709292000000001
1030.0 0.000934578
1031.0 0.001004743
1032.0 0.0010345749
1033.0 0.0010232411
1034.0 0.0010517351
1035.0 0.0011571242000000001
1036.0 0.0012338904
1037.0 0.0013935804
1038.0 0.0015273331000000001
1039.0 0.0015314046
1040.0 0.0017428766
1041.0 0.0019215564
1042.0 0.0020384046
1043.0 0.002455581
1044.0 0.0027582755000000003
1045.0 0.0031507558
1046.0 0.003585809
1047.0 0.0041896205
1048.0 0.0047758775
1049.0 0.005177102
1050.0 0.005114497500000001
1051.0 0.0040721408
1052.0 0.0028616244000000002
1053.0 0.007364044100000001
1054.0 0.0297302474
1055.0 0.07916994620000001
1056.0 0.1467337455
1057.0 0.20503503720000002
1058.0 0.21990103730000002
1059.0 0.1769704416
1060.0 0.09675045210000001
1061.0 0.0339381336
1062.0 0.035974949400000004
1063.0 0.0910378384
1064.0 0.1429261607
1065.0 0.1462124645
1066.0 0.1111428242
1067.0 0.06987225080000001
1068.0 0.040741263
1069.0 0.024385198400000002
1070.0 0.0156780617
1071.0 0.0108612975
1072.0 0.008011622000000001
1073.0 0.0061465656
1074.0 0.0048906968
1075.0 0.0040986629
1076.0 0.0035095006000000002
1077.0 0.0030298964
1078.0 0.0026175576
1079.0 0.0024253598
1080.0 0.0022024298
1081.0 0.001971825
1082.0 0.0018120388
1083.0 0.0017853903
1084.0 0.0018346587
1085.0 0.0017743574
1086.0 0.0018255335
1087.0 0.0017790284000000001
1088.0 0.0017868137
1089.0 0.0017846968000000002
1090.0 0.0018253818
1091.0 0.0019329169
1092.0 0.0020043558
1093.0 0.0022080937
1094.0 0.0024114487000000003
1095.0 0.0024154469000000002
1096.0 0.0023664653
1097.0 0.0022748247
1098.0 0.0024312482
1099.0 0.0027423175
1100.0 0.0029737958000000003
1101.0 0.0032886536
1102.0 0.0035198726
1103.0 0.0035899974000000003
1104.0 0.0033718826000000003
1105.0 0.0045552798
1106.0 0.014391085000000001
1107.0 0.0392981653
1108.0 0.0741903846
1109.0 0.1024994338
1110.0 0.1072767344
1111.0 0.08514226
1112.0 0.0510580656
1113.0 0.031976535800000004
1114.0 0.0434658692
1115.0 0.0696776618
1116.0 0.0815609256
1117.0 0.06942203570000001
1118.0 0.0462093239
1119.0 0.0269214248
1120.0 0.015510434600000001
1121.0 0.0094688051
1122.0 0.006316299500000001
1123.0 0.0045441348
1124.0 0.0033939820000000002
1125.0 0.0026448204
1126.0 0.0021584503000000002
1127.0 0.0018989339
1128.0 0.0015843130000000002
1129.0 0.0012901009
1130.0 0.0011187636
1131.0 0.0009893644
1132.0 0.000971025
1133.0 0.0008558816000000001
1134.0 0.0007957475
1135.0 0.0007926802
1136.0 0.0007670449
1137.0 0.0007608784
1138.0 0.0008067811
1139.0 0.0008251184
1140.0 0.0007729263
1141.0 0.0007690114
1142.0 0.0009111611
1143.0 0.0010598116000000001
1144.0 0.0010574576000000001
1145.0 0.0011401601000000001
1146.0 0.0011711775
1147.0 0.0011381618
1148.0 0.0013426542
1149.0 0.0016092143
1150.0 0.0017784621
1151.0 0.0019853877
1152.0 0.0024242987
1153.0 0.0029712586000000003
1154.0 0.004092578
1155.0 0.0060316285
1156.0 0.009820635900000001
1157.0 0.0163549982
1158.0 0.0252020307
1159.0 0.0351765127
1160.0 0.054361949900000005
1161.0 0.0914057672
1162.0 0.1308162871
1163.0 0.1345947308
1164.0 0.09706264540000001
1165.0 0.0525483754
1166.0 0.0266086273
1167.0 0.0139664689
1168.0 0.0082286636
1169.0 0.0052472177
1170.0 0.0037936551
1171.0 0.0028175042000000003
1172.0 0.0022223777
1173.0 0.0017773455
1174.0 0.0014308387
1175.0 0.0013281249
1176.0 0.0011922523
1177.0 0.0010014949
1178.0 0.0008809047000000001
1179.0 0.0007432329
1180.0 0.0006113044
1181.0 0.0006030391
1182.0 0.0006819475
1183.0 0.0006417932
1184.0 0.0005706539
1185.0 0.0005574658
1186.0 0.0005273754
1187.0 0.0005477174
1188.0 0.0005233696
1189.0 0.0004911897
1190.0 0.0006215951
1191.0 0.0005193286
1192.0 0.0007001952
1193.0 0.0007041608000000001
1194.0 0.0009493861
1195.0 0.0009824733
1196.0 0.0012597128000000001
1197.0 0.0015100290000000002
1198.0 0.0018456849
1199.0 0.002370422
1200.0 0.0033015015000000003
1201.0 0.0047527657
1202.0 0.0066417242
1203.0 0.0084333218
1204.0 0.0101312755
1205.0 0.013394352100000001
1206.0 0.0190265485
1207.0 0.0250321731
1208.0 0.029143655100000002
1209.0 0.0312116137
1210.0 0.0322952679
1211.0 0.032856423
1212.0 0.03173965
1213.0 0.027166764500000003
1214.0 0.0196685944
1215.0 0.012424324
1216.0 0.0076450509
1217.0 0.0048664535
1218.0 0.0035346812
1219.0 0.0027753386000000002
1220.0 0.0022864845000000003
1221.0 0.0019039694
1222.0 0.001717105
1223.0 0.0014761396
1224.0 0.001358124
1225.0 0.0013620279000000001
1226.0 0.0013763984
1227.0 0.0014121849
1228.0 0.0014884403
1229.0 0.0015849559
1230.0 0.0017101080000000001
1231.0 0.0018295855
1232.0 0.0019044734
1233.0 0.0019957163
1234.0 0.0021375925
1235.0 0.0023036370000000003
1236.0 0.0024978599
1237.0 0.0026979257
1238.0 0.003090086
1239.0 0.0035949554
1240.0 0.0041231458
1241.0 0.0048743878
1242.0 0.0057663066
1243.0 0.0071107722000000005
1244.0 0.008894034
1245.0 0.0118059863
1246.0 0.016247700400000002
1247.0 0.023765131300000002
1248.0 0.0347918003
1249.0 0.0497102098
1250.0 0.07035136260000001
1251.0 0.103476411
1252.0 0.1488643408
1253.0 0.19118011910000002
1254.0 0.21739637690000002
1255.0 0.2338317493
1256.0 0.2499974215
1257.0 0.257124179
1258.0 0.2359739797
1259.0 0.1832555066
1260.0 0.12020043300000001
1261.0 0.0708055295
1262.0 0.0417219156
1263.0 0.0259874164
1264.0 0.0174528321
1265.0 0.012528863900000001
1266.0 0.0094369129
1267.0 0.007337116
1268.0 0.0060362466000000005
1269.0 0.004812137
1270.0 0.0040612195
1271.0 0.0035628796000000003
1272.0 0.0030637925000000002
1273.0 0.0026466441
1274.0 0.0022722243
1275.0 0.0019789309
1276.0 0.0016752636
1277.0 0.0014320006
1278.0 0.001268187
1279.0 0.0011599088000000001
1280.0 0.0010332892
1281.0 0.0009684184
1282.0 0.0008929725000000001
1283.0 0.0007286943
1284.0 0.0005989598
1285.0 0.0005319968
1286.0 0.00055497
1287.0 0.0005306983
1288.0 0.0004923125
1289.0 0.0004628274
1290.0 0.000456241
1291.0 0.0004389966
1292.0 0.0003492855
1293.0 0.00044662200000000003
1294.0 0.0003699085
1295.0 0.0002444452
1296.0 0.00025480640000000003
1297.0 0.00020704220000000001
1298.0 0.0002085004
1299.0 0.0002066581
1300.0 0.0001612621
1301.0 0.00022125120000000001
1302.0 0.0002785136
1303.0 0.0002537528
1304.0 0.0002154774
1305.0 0.0002885679
1306.0 0.0002930081
1307.0 0.0002751783
1308.0 0.00032821040000000003
1309.0 0.0003404298
1310.0 0.0003342012
1311.0 0.0003919862
1312.0 0.0004387091
1313.0 0.0003370036
1314.0 0.0005005091
1315.0 0.0005375025
1316.0 0.0003617502
1317.0 0.0002103277
1318.0 0.00044315580000000004
1319.0 0.00031984280000000003
1320.0 0.0005880056
1321.0 0.0005932552000000001
1322.0 0.0005466087
1323.0 0.0006590018
1324.0 0.0006156212000000001
1325.0 0.0007328334
1326.0 0.0008292743000000001
1327.0 0.0007447772
1328.0 0.0006311224
1329.0 0.0003623788
1330.0 0.0
1331.0 0.0
1332.0 0.0
1333.0 0.0005803495
1334.0 0.0061930042
1335.0 0.015325973900000001
1336.0 0.0265970506
1337.0 0.0371405573
1338.0 0.0428656441
1339.0 0.041342746900000005
1340.0 0.0336509755
1341.0 0.0219358973
1342.0 0.008738457100000001
1343.0 0.0
1344.0 0.0
1345.0 0.0
1346.0 0.0097019
1347.0 0.0230937919
1348.0 0.030209706500000003
1349.0 0.028695773
1350.0 0.0217571033
1351.0 0.014543365300000001
1352.0 0.0090950519
1353.0 0.0059133707
1354.0 0.0041363635
1355.0 0.0032027652000000003
1356.0 0.0025540159
1357.0 0.0020987009
1358.0 0.0018107645
1359.0 0.0015808135
1360.0 0.0014172928
1361.0 0.0013005129
1362.0 0.0012156815
1363.0 0.0011504516
1364.0 0.0011313332
1365.0 0.0011887323
1366.0 0.0012090188000000001
1367.0 0.0013030493
1368.0 0.0013513101000000001
1369.0 0.001323942
1370.0 0.0014375228
1371.0 0.0012344359
1372.0 0.0009924333000000001
1373.0 0.0006040633000000001
1374.0 0.001056138
1375.0 0.0034397768
1376.0 0.0092476221
1377.0 0.018026042500000002
1378.0 0.0281826747
1379.0 0.0374746731
1380.0 0.0428136908
1381.0 0.0425662079
1382.0 0.0392968909
1383.0 0.0367799762
1384.0 0.0351479368
1385.0 0.032344731
1386.0 0.0289265368
1387.0 0.026803463000000003
1388.0 0.026392742700000003
1389.0 0.0255290237
1390.0 0.0221051901
1391.0 0.0166657958
1392.0 0.0112150719
1393.0 0.0071908765
1394.0 0.0048226237000000005
1395.0 0.0034447352
1396.0 0.0025742622
1397.0 0.0022438145
1398.0 0.0019727834000000002
1399.0 0.0018218502000000001
1400.0 0.0015706626
1401.0 0.0017555211000000002
1402.0 0.0015582583
1403.0 0.0017502218
1404.0 0.0018911155
1405.0 0.0019667042
1406.0 0.0022341689000000002
1407.0 0.0025187983
1408.0 0.0028294989
1409.0 0.0030439636
1410.0 0.0034392821
1411.0 0.0036006004
1412.0 0.0033563902
1413.0 0.0030460342
1414.0 0.004557478
1415.0 0.0111757725
1416.0 0.025578199200000002
1417.0 0.0459037749
1418.0 0.0658074905
1419.0 0.08093816350000001
1420.0 0.0918076701
1421.0 0.0995591727
1422.0 0.101486899
1423.0 0.093568599
1424.0 0.0778704016
1425.0 0.062614604
1426.0 0.0570948531
1427.0 0.0649086757
1428.0 0.0785689158
1429.0 0.08377787240000001
1430.0 0.0738209606
1431.0 0.0541922435
1432.0 0.0351869754
1433.0 0.0219343455
1434.0 0.0142329116
1435.0 0.0099971872
1436.0 0.0075021619
1437.0 0.005747251
1438.0 0.0046549354
1439.0 0.0038893278
1440.0 0.0033918083
1441.0 0.0029684482
1442.0 0.0025490654000000002
1443.0 0.0022983894
1444.0 0.0021967946
1445.0 0.0020976717
1446.0 0.0021318868
1447.0 0.0020675208
1448.0 0.0020546623
1449.0 0.0021553993000000002
1450.0 0.0023293855
1451.0 0.0028335875
1452.0 0.0037333635
1453.0 0.0052460509
1454.0 0.0078344276
1455.0 0.0113994466
1456.0 0.0141047818
1457.0 0.0127166811
1458.0 0.0064727623000000005
1459.0 0.002379064
1460.0 0.0100299162
1461.0 0.0304691488
1462.0 0.05352151
1463.0 0.0674803138
1464.0 0.0679882359
1465.0 0.0568720697
1466.0 0.0409432891
1467.0 0.0270584648
1468.0 0.0170055131
1469.0 0.0107109345
1470.0 0.007074134
1471.0 0.0051007314
1472.0 0.0037562557000000002
1473.0 0.0028017997
1474.0 0.0025040452
1475.0 0.0022993124
1476.0 0.0020731821000000003
1477.0 0.0019058950000000001
1478.0 0.0018468691000000001
1479.0 0.0019082658
1480.0 0.0018920828
1481.0 0.0018738295
1482.0 0.0020125852
1483.0 0.0022397434
1484.0 0.002484764
1485.0 0.00278876
1486.0 0.0032431557
1487.0 0.0036057273
1488.0 0.0040792205
1489.0 0.0045154573
1490.0 0.0048620453
1491.0 0.0048562356
1492.0 0.0065479997
1493.0 0.0125122376
1494.0 0.0256452686
1495.0 0.045757004600000005
1496.0 0.0692044693
1497.0 0.0918157215
1498.0 0.1028997288
1499.0 0.09450475030000001
1500.0 0.0695926741
1501.0 0.0436223257
1502.0 0.0321545359
1503.0 0.0391568123
1504.0 0.0596861367
1505.0 0.08053912740000001
1506.0 0.0868052574
1507.0 0.07497484830000001
1508.0 0.0539662589
1509.0 0.03479388
1510.0 0.0217994722
1511.0 0.0142034538
1512.0 0.0099361102
1513.0 0.0073624007000000005
1514.0 0.0057365029
1515.0 0.0046679362
1516.0 0.0038524346000000003
1517.0 0.0032714193
1518.0 0.0028445192000000003
1519.0 0.0025025844
1520.0 0.0023471472
1521.0 0.0021033759
1522.0 0.0020895357000000002
1523.0 0.0020803132
1524.0 0.0022083436
1525.0 0.0023514384
1526.0 0.0024007718
1527.0 0.0023818922
1528.0 0.0026603391
1529.0 0.0031667841
1530.0 0.004793174
1531.0 0.0092490873
1532.0 0.016546014600000002
1533.0 0.0254300779
1534.0 0.0332679208
1535.0 0.0372943156
1536.0 0.0353007389
1537.0 0.0274372638
1538.0 0.0185824684
1539.0 0.0136948121
1540.0 0.016119362800000002
1541.0 0.0234015528
1542.0 0.029774555600000002
1543.0 0.030875823400000002
1544.0 0.0259068416
1545.0 0.018265399300000002
1546.0 0.0116483275
1547.0 0.0073089068
1548.0 0.0048056183
1549.0 0.0033768012
1550.0 0.0025981925
1551.0 0.0022427419000000002
1552.0 0.0018993056
1553.0 0.0015392263
1554.0 0.0014383081000000002
1555.0 0.0013173625
1556.0 0.0013381461
1557.0 0.0012980815000000001
1558.0 0.0011853486000000001
1559.0 0.0012607335
1560.0 0.0015267274
1561.0 0.0015675266
1562.0 0.0019359668000000002
1563.0 0.0023166123
1564.0 0.0031677312
1565.0 0.0042376651
1566.0 0.0063097093
1567.0 0.0097854506
1568.0 0.0148333045
1569.0 0.0185619619
1570.0 0.0177921586
1571.0 0.0156797145
1572.0 0.0247561691
1573.0 0.0498284525
1574.0 0.079505169
1575.0 0.0984090259
1576.0 0.0981942435
1577.0 0.0808498279
1578.0 0.0555038455
1579.0 0.0335885966
1580.0 0.0195264226
1581.0 0.0117304652
1582.0 0.0076921104
1583.0 0.0054404372
1584.0 0.004034881000000001
1585.0 0.0031061583
1586.0 0.0025290677
1587.0 0.0021165672000000003
1588.0 0.0017010469
1589.0 0.0014904111000000001
1590.0 0.0013526998
1591.0 0.0011345148
1592.0 0.0010481672
1593.0 0.0009137086
1594.0 0.0009119485
1595.0 0.0009005137
1596.0 0.0006923757
1597.0 0.0005697363
1598.0 0.00048682120000000003
1599.0 0.0006516023
1600.0 0.0005496023
1601.0 0.0005454786
1602.0 0.0005405944000000001
1603.0 0.0004612222
1604.0 0.0002476654
1605.0 0.0005327107000000001
1606.0 0.0002613826
1607.0 0.00042846800000000005
1608.0 0.0003516886
1609.0 0.0004586967
1610.0 0.0004432304
1611.0 0.0004023173
1612.0 0.0004168622
1613.0 0.0005188757
1614.0 0.0004352188
1615.0 0.0005394302
1616.0 0.0005354988
1617.0 0.0004959864
1618.0 0.0005184548000000001
1619.0 0.0005433624000000001
1620.0 0.0006660176000000001
1621.0 0.0006574613
1622.0 0.0007105663
1623.0 0.0007163211
1624.0 0.0007411193
1625.0 0.0009142124
1626.0 0.0010914457
1627.0 0.0012003182
1628.0 0.0012394602
1629.0 0.0014407694
1630.0 0.0018239792000000002
1631.0 0.0021329927
1632.0 0.0024922479000000003
1633.0 0.0028877644000000003
1634.0 0.0033912284
1635.0 0.0039950871
1636.0 0.004909136000000001
1637.0 0.008044744000000001
1638.0 0.0158647893
1639.0 0.029920334700000002
1640.0 0.0473269851
1641.0 0.0613722957
1642.0 0.0669082604
1643.0 0.0630583052
1644.0 0.052532278
1645.0 0.044341075300000005
1646.0 0.049580784700000005
1647.0 0.0660896549
1648.0 0.0787886698
1649.0 0.07617072
1650.0 0.0608297421
1651.0 0.0418248056
1652.0 0.0261080866
1653.0 0.0163025353
1654.0 0.0105140236
1655.0 0.0075679496
1656.0 0.005750423
1657.0 0.0045409351
1658.0 0.0036802269000000003
1659.0 0.0031907725000000003
1660.0 0.002693399
1661.0 0.0024115027
1662.0 0.0023771565000000002
1663.0 0.0021958704
1664.0 0.0020319362
1665.0 0.0018671179
1666.0 0.0020025732
1667.0 0.0024783592
1668.0 0.0033836131
1669.0 0.0046916337
1670.0 0.005948903100000001
1671.0 0.0068829419
1672.0 0.007221275
1673.0 0.0073472713
1674.0 0.008218400800000001
1675.0 0.0098924187
1676.0 0.0119091191
1677.0 0.0139354053
1678.0 0.015755197500000002
1679.0 0.0164321838
1680.0 0.0160699335
1681.0 0.0150950981
1682.0 0.0137114812
1683.0 0.0123928933
1684.0 0.0108671233
1685.0 0.009389087800000001
1686.0 0.0079314969
1687.0 0.0067157515000000004
1688.0 0.005769245100000001
1689.0 0.0047231024
1690.0 0.0037645354
1691.0 0.0034307365
1692.0 0.0032142150000000003
1693.0 0.0032179675
1694.0 0.0033319705000000002
1695.0 0.0035890904
1696.0 0.0037034962
1697.0 0.0038156109
1698.0 0.0036478353
1699.0 0.0034837636
1700.0 0.0041855239
1701.0 0.0075111311
1702.0 0.0151962953
1703.0 0.0274714983
1704.0 0.0414180544
1705.0 0.0530328248
1706.0 0.061170225700000004
1707.0 0.0690580612
1708.0 0.0793789619
1709.0 0.0910845116
1710.0 0.10135587
1711.0 0.10811825080000001
1712.0 0.10968781350000001
1713.0 0.1055187685
1714.0 0.0980536121
1715.0 0.0910383621
1716.0 0.0858302747
1717.0 0.0808376264
1718.0 0.0746848309
1719.0 0.0673592267
1720.0 0.058181620600000004
1721.0 0.046803695900000004
1722.0 0.0348051014
1723.0 0.0244576525
1724.0 0.0170705757
1725.0 0.0123421043
1726.0 0.009381132
1727.0 0.007501164
1728.0 0.0061350503
1729.0 0.0051430941
1730.0 0.0042641035
1731.0 0.0034128155
1732.0 0.0024093469
1733.0 0.0018500829000000002
1734.0 0.0019325412000000001
1735.0 0.0038596867
1736.0 0.0078696465
1737.0 0.0133782174
1738.0 0.0200403979
1739.0 0.026171268
1740.0 0.0307459991
1741.0 0.0319193851
1742.0 0.029836042700000003
1743.0 0.025198090500000003
1744.0 0.0212915655
1745.0 0.0188814225
1746.0 0.015676918300000002
1747.0 0.010957228000000001
1748.0 0.0080353
1749.0 0.0091378727
1750.0 0.0137710964
1751.0 0.0188590247
1752.0 0.0211036275
1753.0 0.0196968881
1754.0 0.0157792435
1755.0 0.0112819042
1756.0 0.0074634281
1757.0 0.0049541795
1758.0 0.0033330645000000003
1759.0 0.0024655412
1760.0 0.0018917442000000002
1761.0 0.0015630414
1762.0 0.0012515022
1763.0 0.0010670446
1764.0 0.0009835819
1765.0 0.0008943157
1766.0 0.0007815960000000001
1767.0 0.0005923732000000001
1768.0 0.00048151570000000004
1769.0 0.0004720385
1770.0 0.0004730406
1771.0 0.0003690995
1772.0 0.0003443791
1773.0 0.00026593520000000004
1774.0 0.0001548036
1775.0 0.0002088588
1776.0 0.0002356189
1777.0 0.0001809669
1778.0 6.75693e-05
1779.0 0.000101278
1780.0 0.00024475530000000003
1781.0 0.0002577288
1782.0 0.0003096682
1783.0 0.00036012200000000005
1784.0 0.000321363
1785.0 0.00033605530000000003
1786.0 0.0003850801
1787.0 0.0004978659
1788.0 0.0004732135
1789.0 0.0005635906
1790.0 0.000602551
1791.0 0.0007320896
1792.0 0.0007429899
1793.0 0.0009422743
1794.0 0.0009962741
1795.0 0.0010489885
1796.0 0.001366676
1797.0 0.0016784174000000001
1798.0 0.0024029776
1799.0 0.0039287595
1800.0 0.006825007
1801.0 0.010789995
1802.0 0.0146744783
1803.0 0.0178296917
1804.0 0.0207327184
1805.0 0.0231344533
1806.0 0.0248243751
1807.0 0.0260963804
1808.0 0.0270795486
1809.0 0.0281254443
1810.0 0.028622336300000002
1811.0 0.0281715498
1812.0 0.0266202702
1813.0 0.0239290214
1814.0 0.0209007278
1815.0 0.0178679286
1816.0 0.014806273000000002
1817.0 0.0116673135
1818.0 0.0087732244
1819.0 0.0065672645
1820.0 0.0049696571
1821.0 0.0041077452
1822.0 0.0035435415
1823.0 0.0034420393
1824.0 0.0031819319
1825.0 0.0031067841
1826.0 0.0026671330000000004
1827.0 0.0018656191
1828.0 0.0010159535
1829.0 0.0015243154
1830.0 0.0053947012
1831.0 0.014253715600000001
1832.0 0.0277167432
1833.0 0.043354596200000005
1834.0 0.0579779497
1835.0 0.0692929246
1836.0 0.07467208410000001
1837.0 0.0717989905
1838.0 0.059840399200000005
1839.0 0.0413384711
1840.0 0.0218199689
1841.0 0.0082583516
1842.0 0.0057000322
1843.0 0.0150439972
1844.0 0.032204702
1845.0 0.0492829272
1846.0 0.058984750600000004
1847.0 0.0575022424
1848.0 0.047212553500000004
1849.0 0.0339950102
1850.0 0.0226602123
1851.0 0.0148065257
1852.0 0.0099137444
1853.0 0.0070310004
1854.0 0.005377612600000001
1855.0 0.0042154485
1856.0 0.0033722931
1857.0 0.0027984294
1858.0 0.0023758813
1859.0 0.0020359291
1860.0 0.0016815919000000002
1861.0 0.0014791475
1862.0 0.0012610938
1863.0 0.0011747373
1864.0 0.0010355505
1865.0 0.0009052461
1866.0 0.0007284774000000001
1867.0 0.0006582954000000001
1868.0 0.0005995153
1869.0 0.0005149274
1870.0 0.0005869611
1871.0 0.00047555220000000003
1872.0 0.0003751548
1873.0 0.0002663152
1874.0 0.0002130927
1875.0 0.0003782055
1876.0 0.000397304
1877.0 0.0004682628
1878.0 0.0004366894
1879.0 0.0003840179
1880.0 0.0004937714
1881.0 0.0005318807
1882.0 0.0005565568
1883.0 0.0008908354
1884.0 0.0007859277
1885.0 0.0009135002
1886.0 0.0012813747
1887.0 0.0016811052
1888.0 0.002470384
1889.0 0.0036570418
1890.0 0.005487395700000001
1891.0 0.0068673656000000005
1892.0 0.0069596996
1893.0 0.0048163052
1894.0 0.0009636558000000001
1895.0 0.0
1896.0 0.0
1897.0 0.0034752761000000003
1898.0 0.01199904
1899.0 0.020777889100000002
1900.0 0.0278927708
1901.0 0.0329299082
1902.0 0.0345948815
1903.0 0.0318275545
1904.0 0.0258536629
1905.0 0.0188455747
1906.0 0.0132475328
1907.0 0.0093067349
1908.0 0.006618074000000001
1909.0 0.0048503484
1910.0 0.0037501172
1911.0 0.0030150861
1912.0 0.0024494794
1913.0 0.0023153482
1914.0 0.0021710597
1915.0 0.0019157357
1916.0 0.0019045253000000001
1917.0 0.0021707237
1918.0 0.0023963706000000003
1919.0 0.0030161655
1920.0 0.0040336914
1921.0 0.0053799853
1922.0 0.006831912900000001
1923.0 0.0079258473
1924.0 0.0083589166
1925.0 0.0086936409
1926.0 0.0097093427
1927.0 0.0118736317
1928.0 0.0143768764
1929.0 0.015803276
1930.0 0.0160373065
1931.0 0.0155119708
1932.0 0.015014254400000001
1933.0 0.014884333900000001
1934.0 0.0146781072
1935.0 0.0141106509
1936.0 0.0127560043
1937.0 0.0106390548
1938.0 0.0082665509
1939.0 0.0061272354
1940.0 0.0046153898
1941.0 0.0037146994000000003
1942.0 0.0033617256
1943.0 0.0032984832
1944.0 0.0032351035
1945.0 0.0034531778000000003
1946.0 0.0040054642
1947.0 0.0046906701000000006
1948.0 0.0055410714
1949.0 0.0068442381
1950.0 0.0087283328
1951.0 0.0113795328
1952.0 0.0155131057
1953.0 0.0215767438
1954.0 0.0285387299
1955.0 0.0342311651
1956.0 0.037475856
1957.0 0.039305699400000005
1958.0 0.043001153
1959.0 0.0506369227
1960.0 0.059436207000000005
1961.0 0.0638151767
1962.0 0.061173555600000006
1963.0 0.0541423747
1964.0 0.046117966
1965.0 0.0384097366
1966.0 0.0308910201
1967.0 0.0234934226
1968.0 0.016888658
1969.0 0.0120533776
1970.0 0.008888420000000001
1971.0 0.0070238658
1972.0 0.005975541
1973.0 0.0053491314
1974.0 0.0050720566
1975.0 0.0050303810000000004
1976.0 0.0053642318
1977.0 0.0059721532
1978.0 0.0069294411
1979.0 0.0080382399
1980.0 0.0097231382
1981.0 0.012515992
1982.0 0.0163540029
1983.0 0.0207566835
1984.0 0.0248071058
1985.0 0.0268186158
1986.0 0.0259616212
1987.0 0.0229457149
1988.0 0.0197189114
1989.0 0.0182548051
1990.0 0.0186736268
1991.0 0.0208254189
1992.0 0.0243061212
1993.0 0.0266295564
1994.0 0.0260601195
1995.0 0.0225513528
1996.0 0.017245062000000002
1997.0 0.012207764000000001
1998.0 0.008582309
1999.0 0.0062165197
2000.0 0.0046971425
2001.0 0.0036976136
2002.0 0.0034465439
2003.0 0.0035521051000000003
2004.0 0.0044347754
2005.0 0.0060546996
2006.0 0.0089533244
2007.0 0.012709630500000001
2008.0 0.0166134684
2009.0 0.019020715100000002
2010.0 0.0180179941
2011.0 0.0137674597
2012.0 0.010605920100000001
2013.0 0.0137301702
2014.0 0.025297841800000002
2015.0 0.040679122000000005
2016.0 0.0528555358
2017.0 0.0577566861
2018.0 0.056308577000000005
2019.0 0.050710533700000004
2020.0 0.0419497429
2021.0 0.0323211658
2022.0 0.0238815349
2023.0 0.0184006422
2024.0 0.015539128000000001
2025.0 0.013879150100000001
2026.0 0.012701633200000001
2027.0 0.0111407834
2028.0 0.0088992279
2029.0 0.0069203882000000005
2030.0 0.0050730072
2031.0 0.0038440759
2032.0 0.0034561474000000003
2033.0 0.0037039604
2034.0 0.0045082314
2035.0 0.0055176923
2036.0 0.0068055518
2037.0 0.0081588343
2038.0 0.009073502800000001
2039.0 0.0093857366
2040.0 0.009146256200000001
2041.0 0.0083136142
2042.0 0.0073979796
2043.0 0.0059239128
2044.0 0.0044856704
2045.0 0.0029067765
2046.0 0.0014154674
2047.0 0.0004672351
2048.0 0.00044746230000000003
2049.0 0.0010481894
2050.0 0.0024116685000000002
2051.0 0.0043677704
2052.0 0.0060204487
2053.0 0.0071213734
2054.0 0.0073337692000000005
2055.0 0.0066752188
2056.0 0.0055764546
2057.0 0.004391496
2058.0 0.0036260729
2059.0 0.0038701097000000003
2060.0 0.0056219408
2061.0 0.0086763154
2062.0 0.0135790049
2063.0 0.019855408
2064.0 0.0278753236
2065.0 0.03721476
2066.0 0.0469443551
2067.0 0.055040889700000005
2068.0 0.059646037900000004
2069.0 0.059823315700000004
2070.0 0.0550772095
2071.0 0.046989638800000004
2072.0 0.0385277203
2073.0 0.0327154353
2074.0 0.032108606000000005
2075.0 0.0360445856
2076.0 0.041800160100000004
2077.0 0.0460699558
2078.0 0.0466576219
2079.0 0.0437942257
2080.0 0.038931447200000004
2081.0 0.0334172129
2082.0 0.027638949200000002
2083.0 0.0217126971
2084.0 0.0161428895
2085.0 0.011810620400000001
2086.0 0.008679392000000001
2087.0 0.0063218336
2088.0 0.0050872677
2089.0 0.0041739891
2090.0 0.0034421749
2091.0 0.0030259454
2092.0 0.0026393782
2093.0 0.0023467403
2094.0 0.0021532313
2095.0 0.0018733404000000002
2096.0 0.0017091272
2097.0 0.0016638191
2098.0 0.0014769316
2099.0 0.0016627561
2100.0 0.0016444098000000002
2101.0 0.0014965964000000001
2102.0 0.0013639544
2103.0 0.0012763629
2104.0 0.0014007426
2105.0 0.0014233355000000001
2106.0 0.0014021852
2107.0 0.0015115856
2108.0 0.0012890421
2109.0 0.001182708
2110.0 0.0009636308
2111.0 0.0004587266
2112.0 0.0
2113.0 3.07235e-05
2114.0 0.0009635543
2115.0 0.0035240943000000003
2116.0 0.007528996600000001
2117.0 0.0121719323
2118.0 0.0175037362
2119.0 0.0226546098
2120.0 0.026986057100000002
2121.0 0.029879136900000002
2122.0 0.0304191519
2123.0 0.0284469551
2124.0 0.024215704100000002
2125.0 0.018122597
2126.0 0.011312421000000001
2127.0 0.0046676167
2128.0 0.0
2129.0 0.0
2130.0 0.0
2131.0 0.004915482200000001
2132.0 0.0119328965
2133.0 0.019048093800000002
2134.0 0.0242539173
2135.0 0.025822231900000003
2136.0 0.0239151753
2137.0 0.0197809167
2138.0 0.0148710982
2139.0 0.0107455866
2140.0 0.0083750898
2141.0 0.007762157
2142.0 0.008452119400000001
2143.0 0.010103817400000001
2144.0 0.0121394412
2145.0 0.0141021457
2146.0 0.015943001000000002
2147.0 0.0173599711
2148.0 0.0182780456
2149.0 0.018582491
2150.0 0.0187612689
2151.0 0.0192556704
2152.0 0.0196490057
2153.0 0.019566171
2154.0 0.0186132993
2155.0 0.0170884284
2156.0 0.0153750258
2157.0 0.014034517600000001
2158.0 0.013536079400000001
2159.0 0.0136193361
2160.0 0.0139899784
2161.0 0.0139155884
2162.0 0.0128749199
2163.0 0.0112473231
2164.0 0.0097642204
2165.0 0.008720426
2166.0 0.0087437399
2167.0 0.0099146341
2168.0 0.0115279567
2169.0 0.0125940162
2170.0 0.0119162855
2171.0 0.0092734962
2172.0 0.0062145952
2173.0 0.0053678094
2174.0 0.007602999
2175.0 0.0129244059
2176.0 0.0206148554
2177.0 0.029106926600000003
2178.0 0.037112143800000004
2179.0 0.0431308861
2180.0 0.0461293601
2181.0 0.0465331503
2182.0 0.0445700792
2183.0 0.0406502368
2184.0 0.0350814336
2185.0 0.0285401172
2186.0 0.0217917814
2187.0 0.016120335200000002
2188.0 0.011702216000000001
2189.0 0.008314630200000001
2190.0 0.0065488938
2191.0 0.005249951
2192.0 0.0043213826000000006
2193.0 0.0038907074000000003
2194.0 0.0037635880000000004
2195.0 0.0035629171
2196.0 0.0038316675
2197.0 0.0045757774
2198.0 0.0057104696
2199.0 0.0071078444000000005
2200.0 0.0084160558
2201.0 0.0088589094
2202.0 0.0086416028
2203.0 0.00824847
2204.0 0.008196255500000001
2205.0 0.0089061885
2206.0 0.0102797542
2207.0 0.011845940000000001
2208.0 0.0128568777
2209.0 0.0126675701
2210.0 0.011214451
2211.0 0.0090312838
2212.0 0.006914773700000001
2213.0 0.0048364818
2214.0 0.0036373098000000003
2215.0 0.0026054840000000004
2216.0 0.0016976014
2217.0 0.001098744
2218.0 0.0008015745000000001
2219.0 0.0012946333
2220.0 0.0029968121
2221.0 0.0061705972
2222.0 0.010571367600000001
2223.0 0.015205131600000001
2224.0 0.019300344900000002
2225.0 0.022325965200000002
2226.0 0.0242543055
2227.0 0.0244845889
2228.0 0.0227812629
2229.0 0.019123384400000002
2230.0 0.0138211719
2231.0 0.0078702279
2232.0 0.002963093
2233.0 0.0007164914
2234.0 0.0020959196
2235.0 0.0066976937
2236.0 0.0131182612
2237.0 0.0189954417
2238.0 0.022208525
2239.0 0.0223578271
2240.0 0.0197428714
2241.0 0.0157762052
2242.0 0.0119778967
2243.0 0.0089503171
2244.0 0.0073768827
2245.0 0.0069013998
2246.0 0.0070399022
2247.0 0.0077162156
2248.0 0.0080937566
2249.0 0.0079687329
2250.0 0.0079675278
2251.0 0.0085219849
2252.0 0.0095708949
2253.0 0.0109944275
2254.0 0.0123758604
2255.0 0.0134342669
2256.0 0.014065704
2257.0 0.014130708700000001
2258.0 0.0140383068
2259.0 0.013725313400000001
2260.0 0.0130960241
2261.0 0.0122264999
2262.0 0.011250194100000001
2263.0 0.0100461288
2264.0 0.0087964453
2265.0 0.0073374682
2266.0 0.0059616881
2267.0 0.0046904384
2268.0 0.0038687918
2269.0 0.0035741531
2270.0 0.0045517251
2271.0 0.006579188000000001
2272.0 0.0100396314
2273.0 0.014066517300000001
2274.0 0.018238041700000002
2275.0 0.0224868612
2276.0 0.0266051125
2277.0 0.029464071300000002
2278.0 0.029599862
2279.0 0.0269242022
2280.0 0.021550165700000002
2281.0 0.015274390300000001
2282.0 0.0098969508
2283.0 0.0074477400000000004
2284.0 0.0077394044
2285.0 0.010946045100000001
2286.0 0.0158425126
2287.0 0.0215400353
2288.0 0.0255883092
2289.0 0.026550702800000003
2290.0 0.0240522739
2291.0 0.0189595238
2292.0 0.0140298095
2293.0 0.0097095987
2294.0 0.0065957943
2295.0 0.004666393400000001
2296.0 0.0033536753
2297.0 0.0026322914000000003
2298.0 0.0019970363
2299.0 0.0015916628
2300.0 0.0013586251
2301.0 0.0010822170000000001
2302.0 0.0009370672
2303.0 0.0008444566
2304.0 0.0006421972
2305.0 0.0004965621
2306.0 0.0004188791
2307.0 0.0004307224
2308.0 0.00039091660000000004
2309.0 0.00023065110000000002
2310.0 0.00015199860000000002
2311.0 0.000132838
2312.0 9.31055e-05
2313.0 5.67984e-05
2314.0 0.00019003850000000002
2315.0 0.00025777060000000004
2316.0 0.00013928280000000001
2317.0 0.0002393211
2318.0 0.0002922593
2319.0 0.0002832208
2320.0 0.00042352460000000003
2321.0 0.0006135016
2322.0 0.0009214855
2323.0 0.001257413
2324.0 0.0019088833
2325.0 0.0024635373
2326.0 0.0027091369
2327.0 0.0024548724
2328.0 0.0021113860000000003
2329.0 0.0031377436
2330.0 0.0059859473
2331.0 0.009947229200000001
2332.0 0.0133465831
2333.0 0.0142773958
2334.0 0.0115292651
2335.0 0.0081767032
2336.0 0.0054779297
2337.0 0.0035217708000000003
2338.0 0.0021961725
2339.0 0.0018404061
2340.0 0.0014303357
2341.0 0.0014296635
2342.0 0.0014801486000000001
2343.0 0.0017352197
2344.0 0.0023328980000000003
2345.0 0.0030952230000000002
2346.0 0.004534431
2347.0 0.0061408123
2348.0 0.0074715805
2349.0 0.0085819376
2350.0 0.009363241000000001
2351.0 0.009673196
2352.0 0.0091921153
2353.0 0.008386403300000001
2354.0 0.0068216973
2355.0 0.0051506581
2356.0 0.0037608677
2357.0 0.0032409788
2358.0 0.0036367157000000002
2359.0 0.0046764011
2360.0 0.006210333
2361.0 0.0073873031
2362.0 0.0078069821
2363.0 0.0076391816
2364.0 0.007442877400000001
2365.0 0.007517330500000001
2366.0 0.0083335786
2367.0 0.010179371100000001
2368.0 0.0128886533
2369.0 0.0157793796
2370.0 0.0188638912
2371.0 0.0214396601
2372.0 0.022878066500000002
2373.0 0.023692655700000002
2374.0 0.0239830894
2375.0 0.0251538771
2376.0 0.0277464452
2377.0 0.0322078361
2378.0 0.037813054400000004
2379.0 0.0441388355
2380.0 0.049026991000000006
2381.0 0.050733312200000005
2382.0 0.0484816032
2383.0 0.0424233122
2384.0 0.0343680667
2385.0 0.0268438701
2386.0 0.021149418200000002
2387.0 0.0179278514
2388.0 0.0168714606
2389.0 0.017028783500000002
2390.0 0.0174762975
2391.0 0.0178141887
2392.0 0.0174878872
2393.0 0.01652715
2394.0 0.0152115962
2395.0 0.0135696717
2396.0 0.0118725323
2397.0 0.0103519703
2398.0 0.0097886625
2399.0 0.0103565216
2400.0 0.0113754219
2401.0 0.0125008172
2402.0 0.0130873182
2403.0 0.0131522522
2404.0 0.0126504426
2405.0 0.011599407
2406.0 0.0102095029
2407.0 0.0085932453
2408.0 0.0073411679
2409.0 0.0066959504
2410.0 0.0068649398
2411.0 0.007492317300000001
2412.0 0.0085382336
2413.0 0.0093766132
2414.0 0.009611506300000001
2415.0 0.009368050000000001
2416.0 0.0083736074
2417.0 0.0073260621
2418.0 0.0063334315
2419.0 0.0065403091
2420.0 0.0078101865
2421.0 0.0094461395
2422.0 0.011410334000000001
2423.0 0.0132388687
2424.0 0.0135562293
2425.0 0.0140772304
2426.0 0.0138891906
2427.0 0.0139919369
2428.0 0.0141674855
2429.0 0.013828903200000001
2430.0 0.013782920700000001
2431.0 0.0145251708
2432.0 0.015161090700000001
2433.0 0.015429499400000001
2434.0 0.0146435307
2435.0 0.013122500300000001
2436.0 0.0109513089
2437.0 0.0091496148
2438.0 0.0081307516
2439.0 0.0076228479
2440.0 0.007249191800000001
2441.0 0.0070712948
2442.0 0.0074186370000000005
2443.0 0.008091507900000001
2444.0 0.0088322223
2445.0 0.0094066958
2446.0 0.0098780733
2447.0 0.009876532300000001
2448.0 0.0093931288
2449.0 0.0087479923
2450.0 0.0082204194
2451.0 0.007504068500000001
2452.0 0.006700571000000001
2453.0 0.0064062397
2454.0 0.0062405128
2455.0 0.0065134132
2456.0 0.0068540300000000005
2457.0 0.0071063723
2458.0 0.0072969541
2459.0 0.0080414003
2460.0 0.0093227128
2461.0 0.0116101837
2462.0 0.014975647000000002
2463.0 0.0190495627
2464.0 0.023251342300000002
2465.0 0.0269846172
2466.0 0.0298057319
2467.0 0.0314431353
2468.0 0.0324983424
2469.0 0.0337171317
2470.0 0.0349782468
2471.0 0.035750003
2472.0 0.0352276021
2473.0 0.0325945956
2474.0 0.0285145778
2475.0 0.024798899000000003
2476.0 0.0225180518
2477.0 0.021882295200000002
2478.0 0.022521748100000002
2479.0 0.0236294752
2480.0 0.0249981003
2481.0 0.0260365815
2482.0 0.0263533504
2483.0 0.025577719000000002
2484.0 0.0235259544
2485.0 0.0205501336
2486.0 0.0165390462
2487.0 0.0125885426
2488.0 0.0092961167
2489.0 0.006854542000000001
2490.0 0.0051853653000000005
2491.0 0.0040088804
2492.0 0.0031617614
2493.0 0.0028208291
2494.0 0.0024712653
2495.0 0.0019735736
2496.0 0.0018220107
2497.0 0.0016342052
2498.0 0.0013717244
2499.0 0.0013978918000000001
2500.0 0.0014037924
2501.0 0.0016009579000000002
2502.0 0.0016967034
2503.0 0.0017795622
2504.0 0.0020181445
2505.0 0.0023857185
2506.0 0.0030039138000000003
2507.0 0.0037963840000000003
2508.0 0.0046200287
2509.0 0.0053058487
2510.0 0.0059850456
2511.0 0.0072559366
2512.0 0.0093095195
2513.0 0.0122702344
2514.0 0.0157944848
2515.0 0.0190251325
2516.0 0.021321244200000002
2517.0 0.022379010600000002
2518.0 0.022698993900000002
2519.0 0.022708758500000002
2520.0 0.0232495108
2521.0 0.0242250484
2522.0 0.0254711883
2523.0 0.0270807937
2524.0 0.0284413316
2525.0 0.028107544
2526.0 0.0255552722
2527.0 0.021579324100000002
2528.0 0.0169310274
2529.0 0.0126757311
2530.0 0.0094594398
2531.0 0.0075822566
2532.0 0.0067186892
2533.0 0.006537889000000001
2534.0 0.0066091003
2535.0 0.0067948293
2536.0 0.0068478608
2537.0 0.0064548367
2538.0 0.0060332633
2539.0 0.0055289894
2540.0 0.0051183973
2541.0 0.005201238
2542.0 0.0053934886
2543.0 0.0056258046
2544.0 0.0055377733
2545.0 0.0048618558
2546.0 0.0040800121000000005
2547.0 0.0034552344000000003
2548.0 0.0029105237
2549.0 0.0029767526000000002
2550.0 0.0032343879000000003
2551.0 0.0038076687
2552.0 0.0042391992
2553.0 0.0051500335
2554.0 0.0060386128
2555.0 0.006844618
2556.0 0.0075944255
2557.0 0.008319749000000001
2558.0 0.0091819112
2559.0 0.009898098400000001
2560.0 0.0098866428
2561.0 0.009200453800000001
2562.0 0.0078932207
2563.0 0.006250526100000001
2564.0 0.0044156546
2565.0 0.002755064
2566.0 0.0016665548
2567.0 0.0012717126000000001
2568.0 0.0013754604000000001
2569.0 0.0022829705000000002
2570.0 0.0036778291
2571.0 0.0052415936
2572.0 0.0071233225
2573.0 0.0087855092
2574.0 0.0100270863
2575.0 0.0111127515
2576.0 0.0118745117
2577.0 0.0122057807
2578.0 0.012594411500000001
2579.0 0.0126370004
2580.0 0.0126857288
2581.0 0.0124493789
2582.0 0.0123353644
2583.0 0.0124962004
2584.0 0.0128104368
2585.0 0.0128472199
2586.0 0.0121066934
2587.0 0.010791698300000001
2588.0 0.009445709200000001
2589.0 0.0085158938
2590.0 0.0080596593
2591.0 0.0079159642
2592.0 0.0080120212
2593.0 0.0084423981
2594.0 0.0090892349
2595.0 0.009550179300000001
2596.0 0.0094481556
2597.0 0.0082818777
2598.0 0.0063514873
2599.0 0.0049053544
2600.0 0.0032932687
2601.0 0.0023696646000000003
2602.0 0.0019293924
2603.0 0.0011839694000000001
2604.0 0.0009376450000000001
2605.0 0.000661345
2606.0 0.0005747887
2607.0 0.00048142190000000003
2608.0 0.0004365067
2609.0 0.0003424982
2610.0 0.0001595544
2611.0 0.0003242663
2612.0 0.0004222458
2613.0 0.0004173967
2614.0 0.0007335473000000001
2615.0 0.0009015494
2616.0 0.0012218999000000001
2617.0 0.0016634028
2618.0 0.0021035512
2619.0 0.0023398218
2620.0 0.0023148221000000003
2621.0 0.0025175717
2622.0 0.0031121521
2623.0 0.0036042027
2624.0 0.0040489254
2625.0 0.0047600201
2626.0 0.0053011196
2627.0 0.0060368451
2628.0 0.006384219
2629.0 0.0070655734000000005
2630.0 0.0077522623
2631.0 0.0084760304
2632.0 0.0091933278
2633.0 0.0096583625
2634.0 0.0096263077
2635.0 0.0094211182
2636.0 0.009240216800000001
2637.0 0.008813820600000001
2638.0 0.0087701804
2639.0 0.0092710475
2640.0 0.0101419267
2641.0 0.0113145733
2642.0 0.0121907647
2643.0 0.0129851759
2644.0 0.0138042539
2645.0 0.015551889800000001
2646.0 0.017721089000000002
2647.0 0.0209967389
2648.0 0.023724060300000002
2649.0 0.0262280517
2650.0 0.0274770623
2651.0 0.027396095800000003
2652.0 0.0262842171
2653.0 0.0246656856
2654.0 0.023294379
2655.0 0.0226262747
2656.0 0.022612088500000002
2657.0 0.0231475579
2658.0 0.0238318847
2659.0 0.0238589342
2660.0 0.0226686457
2661.0 0.020522900900000002
2662.0 0.0175460212
2663.0 0.0139936077
2664.0 0.0102947605
2665.0 0.0073492424
2666.0 0.0052823781
2667.0 0.0038599782
2668.0 0.0027229298
2669.0 0.0020302581
2670.0 0.0016292816
2671.0 0.0012383409
2672.0 0.0009970657000000001
2673.0 0.0006183853
2674.0 0.0003816177
2675.0 0.0002186814
2676.0 0.0
2677.0 0.0001230326
2678.0 7.100180000000001e-05
2679.0 0.0
2680.0 0.00038421960000000003
2681.0 0.0005866368
2682.0 0.0009025118
2683.0 0.0009891309
2684.0 0.0014251057
2685.0 0.0017522536
2686.0 0.001855323
2687.0 0.0019361515
2688.0 0.0023228089000000003
2689.0 0.0022268206000000002
2690.0 0.0019812702
2691.0 0.0017393520000000002
2692.0 0.0014612008
2693.0 0.0010921459
2694.0 0.000848139
2695.0 0.0003671518
2696.0 0.0001923978
2697.0 0.0
2698.0 0.0
2699.0 0.0
2700.0 0.0002571722
2701.0 0.0008685955000000001
2702.0 0.0018943462000000002
2703.0 0.0033071072
2704.0 0.0044662301
2705.0 0.0056127508
2706.0 0.0064799772000000005
2707.0 0.0070819083
2708.0 0.006864944600000001
2709.0 0.0068952732000000004
2710.0 0.0068859012
2711.0 0.0069356588
2712.0 0.007434789000000001
2713.0 0.0077880637
2714.0 0.0080325785
2715.0 0.008082339000000001
2716.0 0.0079378815
2717.0 0.0078033650000000005
2718.0 0.0075388449
2719.0 0.0070739814
2720.0 0.0068660477
2721.0 0.007016682000000001
2722.0 0.0074357677
2723.0 0.0084882392
2724.0 0.0094696704
2725.0 0.0109890696
2726.0 0.012900996900000001
2727.0 0.0148338379
2728.0 0.0172116049
2729.0 0.019599388000000002
2730.0 0.021406900200000002
2731.0 0.0227443152
2732.0 0.0233243754
2733.0 0.0229799191
2734.0 0.0220022368
2735.0 0.0209735144
2736.0 0.0208243927
2737.0 0.020976964100000002
2738.0 0.0209727481
2739.0 0.020699383300000002
2740.0 0.0197421147
2741.0 0.0176523364
2742.0 0.0157320426
2743.0 0.0152984121
2744.0 0.0155046924
2745.0 0.0161101474
2746.0 0.0166263682
2747.0 0.016521113900000002
2748.0 0.015678906
2749.0 0.014983878
2750.0 0.0136090601
2751.0 0.0121682162
2752.0 0.0108828947
2753.0 0.009376639400000001
2754.0 0.0080193717
2755.0 0.006976772
2756.0 0.0056419053000000005
2757.0 0.0041917212
2758.0 0.0029387415
2759.0 0.0021049647
2760.0 0.0018293146
2761.0 0.0019112679
2762.0 0.0026626562000000003
2763.0 0.0038091431
2764.0 0.0052134751
2765.0 0.0065303758
2766.0 0.007767810500000001
2767.0 0.0088341989
2768.0 0.0098496461
2769.0 0.010895433900000001
2770.0 0.011866846200000001
2771.0 0.0128895581
2772.0 0.013585949100000001
2773.0 0.0137414996
2774.0 0.013489709300000001
2775.0 0.012706346700000001
2776.0 0.0117437904
2777.0 0.0115203513
2778.0 0.0119526545
2779.0 0.012555073100000001
2780.0 0.0129386941
2781.0 0.013301123100000001
2782.0 0.0129349283
2783.0 0.0116137906
2784.0 0.0110065258
2785.0 0.010405951600000001
2786.0 0.0104597222
2787.0 0.011018965300000001
2788.0 0.0124232666
2789.0 0.013794337
2790.0 0.014987207800000001
2791.0 0.015562446700000001
2792.0 0.0154842264
2793.0 0.014765626700000001
2794.0 0.0132358037
2795.0 0.0115437317
2796.0 0.0099361996
2797.0 0.0082529221
2798.0 0.006292288300000001
2799.0 0.0050444369
2800.0 0.0039595959000000005
2801.0 0.0029814577
2802.0 0.0027607988
2803.0 0.0030539021000000003
2804.0 0.0034753410000000003
2805.0 0.004446648
2806.0 0.005782371200000001
2807.0 0.0068821398
2808.0 0.0078557298
2809.0 0.008595323200000001
2810.0 0.008608534900000001
2811.0 0.0081112643
2812.0 0.0068905644
2813.0 0.0058418332
2814.0 0.0053465216
2815.0 0.0060478896
2816.0 0.0074464394
2817.0 0.0098892527
2818.0 0.0123496907
2819.0 0.0149908353
2820.0 0.0166070902
2821.0 0.0176223098
2822.0 0.017602947900000002
2823.0 0.0168964061
2824.0 0.0156032441
2825.0 0.013469469000000001
2826.0 0.0108053647
2827.0 0.0080988302
2828.0 0.0057885947
2829.0 0.0036935113
2830.0 0.0026247527
2831.0 0.0016274725
2832.0 0.0012003830000000002
2833.0 0.0009840838
2834.0 0.0008072637
2835.0 0.000575516
2836.0 0.0004622897
2837.0 0.0001571423
2838.0 0.0
2839.0 8.56282e-05
2840.0 0.0
2841.0 0.0
2842.0 0.0
2843.0 0.00034113110000000003
2844.0 0.0001177172
2845.0 0.0008719407
2846.0 0.0018213477
2847.0 0.0029912926
2848.0 0.0037095674
2849.0 0.004718112500000001
2850.0 0.005418887000000001
2851.0 0.0056695974
2852.0 0.006018188000000001
2853.0 0.006486576700000001
2854.0 0.0070785232
2855.0 0.007787078
2856.0 0.0085548139
2857.0 0.0089412838
2858.0 0.0087760956
2859.0 0.0082253599
2860.0 0.007435581300000001
2861.0 0.0070466462
2862.0 0.0062382391
2863.0 0.0052040582
2864.0 0.0046914334
2865.0 0.0049491177
2866.0 0.0055366724
2867.0 0.0064932554
2868.0 0.007644470600000001
2869.0 0.0085831006
2870.0 0.0093913911
2871.0 0.0097462454
2872.0 0.0095496785
2873.0 0.0087797803
2874.0 0.007582261000000001
2875.0 0.0068651724
2876.0 0.0063570598
2877.0 0.0057470192
2878.0 0.0055067559
2879.0 0.0050433617
2880.0 0.0048139774
2881.0 0.004789963600000001
2882.0 0.0044270114
2883.0 0.0048201644
2884.0 0.0049002897
2885.0 0.0055722808
2886.0 0.0064517782
2887.0 0.0076697483
2888.0 0.0091692641
2889.0 0.0112351384
2890.0 0.013561253300000001
2891.0 0.016175040300000002
2892.0 0.019165223800000002
2893.0 0.0213557132
2894.0 0.0229867935
2895.0 0.024345405400000002
2896.0 0.024242966100000003
2897.0 0.0236098876
2898.0 0.021757833600000002
2899.0 0.019336656600000002
2900.0 0.0170267991
2901.0 0.015363523300000001
2902.0 0.014328427400000001
2903.0 0.0142869895
2904.0 0.0153935784
2905.0 0.017718999200000002
2906.0 0.0195706861
2907.0 0.021352883000000003
2908.0 0.021787335
2909.0 0.0214199534
2910.0 0.0202878235
2911.0 0.0183308607
2912.0 0.0166212328
2913.0 0.0151569075
2914.0 0.0132763029
2915.0 0.011360121800000001
2916.0 0.0101646836
2917.0 0.0094629967
2918.0 0.008994755200000001
2919.0 0.0084778048
2920.0 0.009350154900000001
2921.0 0.0092174088
2922.0 0.0093535631
2923.0 0.0091289647
2924.0 0.0090866114
2925.0 0.0084177235
2926.0 0.008393463700000001
2927.0 0.0082854593
2928.0 0.0075336923
2929.0 0.006301273400000001
2930.0 0.0046428065
2931.0 0.0029380718000000003
2932.0 0.0013496867000000001
2933.0 0.0009246752000000001
2934.0 0.0014673013
2935.0 0.00276929
2936.0 0.0047245541
2937.0 0.0066385484
2938.0 0.0087805175
2939.0 0.0096281423
2940.0 0.0102183095
2941.0 0.010494869700000001
2942.0 0.0105066793
2943.0 0.010100692000000001
2944.0 0.0096189925
2945.0 0.0086613777
2946.0 0.0080913759
2947.0 0.0071468072
2948.0 0.0068466452
2949.0 0.006483712
2950.0 0.0066530451
2951.0 0.0068293139
2952.0 0.0067556421000000005
2953.0 0.006729909300000001
2954.0 0.0062514339000000006
2955.0 0.0059332863
2956.0 0.0056525265
2957.0 0.0056272305
2958.0 0.00570414
2959.0 0.0056116007
2960.0 0.0057137573
2961.0 0.0061623976
2962.0 0.0058304086
2963.0 0.0057935707
2964.0 0.0056536005000000005
2965.0 0.0059182821
2966.0 0.0054412562
2967.0 0.0054142163
2968.0 0.0051790075
2969.0 0.0051209038
2970.0 0.0049178975
2971.0 0.0055626713000000005
2972.0 0.0063711972
2973.0 0.0068276893
2974.0 0.0071982228
2975.0 0.0075906809000000006
2976.0 0.0080243455
2977.0 0.008727209500000001
2978.0 0.0088960364
2979.0 0.0088957394
2980.0 0.0089841968
2981.0 0.009132983
2982.0 0.0093810241
2983.0 0.0091106325
2984.0 0.0089995299
2985.0 0.0085968118
2986.0 0.0078683429
2987.0 0.006676092000000001
2988.0 0.0052576853
2989.0 0.003582687
2990.0 0.0028163986
2991.0 0.0017282792000000002
2992.0 0.0012161608
2993.0 0.0008751935000000001
2994.0 0.0006603278
2995.0 0.0005873679
2996.0 0.0005214115
2997.0 0.00020414010000000001
2998.0 0.00014737730000000002
2999.0 0.0
3000.0 0.0
3001.0 0.0
3002.0 0.0002928429
3003.0 0.000542859
3004.0 0.0011457878
3005.0 0.0016157130000000002
3006.0 0.002169018
3007.0 0.0025926269
3008.0 0.0030323779
3009.0 0.0037778598
3010.0 0.0044511298
3011.0 0.0049986107
3012.0 0.0050320997
3013.0 0.0056050601
3014.0 0.0050935876
3015.0 0.0040727658
3016.0 0.0031141734
3017.0 0.0023042891
3018.0 0.0019887332
3019.0 0.002109543
3020.0 0.0021035111
3021.0 0.0026631584000000002
3022.0 0.0035001936
3023.0 0.0047348779
3024.0 0.0063434624
3025.0 0.0076770336
3026.0 0.0085176201
3027.0 0.008943894800000001
3028.0 0.0091919703
3029.0 0.009012726700000001
3030.0 0.008416368300000001
3031.0 0.0077045717
3032.0 0.0070995944
3033.0 0.0063238483000000005
3034.0 0.0059188017
3035.0 0.0056535883
3036.0 0.0051336508
3037.0 0.0050087013000000005
3038.0 0.0051389226
3039.0 0.0053366852
3040.0 0.0060369312
3041.0 0.0065879967
3042.0 0.0079111648
3043.0 0.008387028900000001
3044.0 0.0093807497
3045.0 0.010224165
3046.0 0.0104069915
3047.0 0.0101986471
3048.0 0.0103113628
3049.0 0.0099343195
3050.0 0.0086610099
3051.0 0.0081442115
3052.0 0.0067628283
3053.0 0.0059713411
3054.0 0.0049228819
3055.0 0.0035261425
3056.0 0.0027815829
3057.0 0.0020199638
3058.0 0.0018095107
3059.0 0.0021787076
3060.0 0.0034377613000000002
3061.0 0.0045230937
3062.0 0.0057449731
3063.0 0.007821500700000001
3064.0 0.0093316987
3065.0 0.0100238363
3066.0 0.010610625
3067.0 0.0106345854
3068.0 0.010393203
3069.0 0.0100582898
3070.0 0.0097251106
3071.0 0.0093888128
3072.0 0.0083255566
3073.0 0.0073216634
3074.0 0.0070891347
3075.0 0.0063642244
3076.0 0.0065058045
3077.0 0.0063064571
3078.0 0.0062781792
3079.0 0.0063961647
3080.0 0.007225616000000001
3081.0 0.0081354511
3082.0 0.008342519100000001
3083.0 0.0087480332
3084.0 0.0096271936
3085.0 0.010500653
3086.0 0.0113977417
3087.0 0.0116481329
3088.0 0.0121005604
3089.0 0.0114868681
3090.0 0.0103262205
3091.0 0.0088588628
3092.0 0.0069783645000000005
3093.0 0.0049794714
3094.0 0.0044824766
3095.0 0.0041658222000000005
3096.0 0.0044720302
3097.0 0.0059390661
3098.0 0.0066963131
3099.0 0.008525600500000001
3100.0 0.009949645600000001
3101.0 0.0109638423
3102.0 0.0110560837
3103.0 0.010774235
3104.0 0.009532318500000001
3105.0 0.0084801384
3106.0 0.0068834658
3107.0 0.0055252138000000004
3108.0 0.0047705294
3109.0 0.0041129337
3110.0 0.0045472835
3111.0 0.0045087204
3112.0 0.0046982978
3113.0 0.005524554
3114.0 0.0063662783
3115.0 0.0069599312
3116.0 0.0077489758
3117.0 0.0084839142
3118.0 0.0092584941
3119.0 0.0094267099
3120.0 0.0096779968
3121.0 0.0104341554
3122.0 0.010877865
3123.0 0.011757263300000001
3124.0 0.012610711
3125.0 0.0129429869
3126.0 0.014173315
3127.0 0.0143439355
3128.0 0.0150765551
3129.0 0.016736116000000002
3130.0 0.0176351502
3131.0 0.0177617011
3132.0 0.0173890657
3133.0 0.0163132169
3134.0 0.014074845
3135.0 0.0119886447
3136.0 0.009831854400000001
3137.0 0.008520525900000001
3138.0 0.007731843600000001
3139.0 0.0072557283
3140.0 0.0075367917
3141.0 0.0080026928
3142.0 0.007282355900000001
3143.0 0.0074171482
3144.0 0.0067462565000000006
3145.0 0.0054145531
3146.0 0.0044964728
3147.0 0.0037498689000000003
3148.0 0.0031959447000000003
3149.0 0.0019166275000000001
3150.0 0.0017513305000000001
3151.0 0.0012702888000000001
3152.0 0.0014681432
3153.0 0.0013692748
3154.0 0.0012720049
3155.0 0.0020541236
3156.0 0.0019627163
3157.0 0.0016671102000000001
3158.0 0.0012006209
3159.0 0.0009116590000000001
3160.0 0.0010259051
3161.0 0.0005659218
3162.0 0.0015650501000000002
3163.0 0.0027939166000000002
3164.0 0.0045875135
3165.0 0.0061121001
3166.0 0.0072680026
3167.0 0.0089030163
3168.0 0.0092168466
3169.0 0.0096615515
3170.0 0.010557718
3171.0 0.0103703635
3172.0 0.0090795401
3173.0 0.0081870321
3174.0 0.007449758700000001
3175.0 0.006066053
3176.0 0.0054311408
3177.0 0.0062960488000000005
3178.0 0.005914506000000001
3179.0 0.0063213252
3180.0 0.0060082696
3181.0 0.0062658795
3182.0 0.0064770213
3183.0 0.0067438979
3184.0 0.0067000451
3185.0 0.0065200812000000006
3186.0 0.0066336134
3187.0 0.0068565622
3188.0 0.0075912047000000005
3189.0 0.0082863022
3190.0 0.0094694856
3191.0 0.0098893299
3192.0 0.011507555400000001
3193.0 0.0126678063
3194.0 0.0133874369
3195.0 0.0143872492
3196.0 0.0153994626
3197.0 0.0153859297
3198.0 0.0147885484
3199.0 0.0143090265
3200.0 0.013483189900000001
3201.0 0.0128577842
3202.0 0.013245262300000001
3203.0 0.014432254
3204.0 0.0140827704
3205.0 0.0145877465
3206.0 0.014890975
3207.0 0.014665872100000001
3208.0 0.0145937566
3209.0 0.01432684
3210.0 0.0148336338
3211.0 0.014250601500000001
3212.0 0.0138932714
3213.0 0.0130555624
3214.0 0.0117947633
3215.0 0.010437008400000001
3216.0 0.0090812898
3217.0 0.0074069151000000005
3218.0 0.0057276868
3219.0 0.0049253506
3220.0 0.0032297318000000003
3221.0 0.0026348089
3222.0 0.0010017843
3223.0 0.0010708148
3224.0 0.00039545170000000003
3225.0 9.31361e-05
3226.0 0.0003629581
3227.0 0.0004225031
3228.0 0.0002411669
3229.0 0.0015425293
3230.0 0.0011144517
3231.0 0.0024471931
3232.0 0.0022425127
3233.0 0.0018965572000000002
3234.0 0.0021093188
3235.0 0.0021108265000000003
3236.0 0.0018505341
3237.0 0.0016169104
3238.0 0.00033641270000000004
3239.0 0.0012867996000000001
3240.0 0.0005648601000000001
3241.0 0.0003805467
3242.0 0.00038084500000000004
3243.0 0.0005021793
3244.0 0.00042562650000000003
3245.0 0.0006432639
3246.0 0.00033541610000000004
3247.0 0.0008909761000000001
3248.0 0.0009588693
3249.0 0.0013587613
3250.0 0.0011764232
3251.0 0.0012794382
3252.0 0.0008631409000000001
3253.0 0.0008438713
3254.0 0.0012821972
3255.0 0.0013165762000000001
3256.0 0.0016764934
3257.0 0.0017017373000000001
3258.0 0.0022449738
3259.0 0.0037602043
3260.0 0.0039936547
3261.0 0.0051838216
3262.0 0.0059912761
3263.0 0.0068684139
3264.0 0.0071528405
3265.0 0.007405717700000001
3266.0 0.007049793600000001
3267.0 0.00718327
3268.0 0.0068833783
3269.0 0.0077845366
3270.0 0.008235851300000001
3271.0 0.0094596522
3272.0 0.0098287409
3273.0 0.0101267456
3274.0 0.0093776037
3275.0 0.0096509369
3276.0 0.0084484502
3277.0 0.0077690003
3278.0 0.0066347695
3279.0 0.0068116718
3280.0 0.006161354700000001
3281.0 0.0059811333
3282.0 0.0057632532
3283.0 0.0062309436
3284.0 0.0055938509
3285.0 0.0060847261
3286.0 0.0049468116
3287.0 0.0047596175000000004
3288.0 0.0042634227
3289.0 0.0029204144000000002
3290.0 0.0024060992
3291.0 0.0018532104
3292.0 0.0008887550000000001
3293.0 0.0010689299
3294.0 0.0
3295.0 0.0002877285
3296.0 0.0004474521
3297.0 0.0002644241
3298.0 0.0005749818000000001
3299.0 0.0012349939
3300.0 0.0013375020000000002
3301.0 0.0018744873
3302.0 0.0020004392
3303.0 0.0023322056
3304.0 0.0025478351
3305.0 0.0022474569
3306.0 0.0019400197
3307.0 0.0023596102
3308.0 0.0020528157
3309.0 0.0016117068000000001
3310.0 0.0011624366
3311.0 0.0015529882
3312.0 0.0018108691000000001
3313.0 0.0020748336
3314.0 0.0030753815
3315.0 0.0035742262000000003
3316.0 0.0037379440000000004
3317.0 0.0039233484
3318.0 0.0036782021000000002
3319.0 0.0037753264
3320.0 0.0039647865
3321.0 0.0026939874000000003
3322.0 0.0027601402
3323.0 0.0020229435
3324.0 0.0018897625
3325.0 0.0020303834
3326.0 0.0023423251
3327.0 0.0021600839
3328.0 0.0030071132
3329.0 0.0045314112
3330.0 0.0045140893
3331.0 0.0045567394
3332.0 0.0048390651000000005
3333.0 0.0052752628000000005
3334.0 0.0063089119
3335.0 0.006798160100000001
3336.0 0.0078792479
3337.0 0.0087654774
3338.0 0.0093507164
3339.0 0.010171386400000001
3340.0 0.0102881514
3341.0 0.009920818100000001
3342.0 0.0097439216
3343.0 0.0090663423
3344.0 0.0085099779
3345.0 0.0084162851
3346.0 0.007312884800000001
3347.0 0.0082285391
3348.0 0.008151498600000001
3349.0 0.0090315155
3350.0 0.0091458353
3351.0 0.0099001859
3352.0 0.0107467857
3353.0 0.0104535922
3354.0 0.009776412200000001
3355.0 0.011045280400000001
3356.0 0.009528276
3357.0 0.0089302676
3358.0 0.0086009324
3359.0 0.0080176391
3360.0 0.0065920655
3361.0 0.0063723532
3362.0 0.0072015127
3363.0 0.0066594210000000004
3364.0 0.0072420543
3365.0 0.0058128253
3366.0 0.0053975875
3367.0 0.0043797389
3368.0 0.0041456031
3369.0 0.00358781
3370.0 0.0037358477000000003
3371.0 0.0044733524
3372.0 0.0049244548
3373.0 0.0048468240000000004
3374.0 0.004885005
3375.0 0.0045183142
3376.0 0.0045045704
3377.0 0.0044872734
3378.0 0.0046202745
3379.0 0.0055297454
3380.0 0.0055263985
3381.0 0.0048471755
3382.0 0.0056599627
3383.0 0.0056670232
3384.0 0.0062289049
3385.0 0.0061448825000000006
3386.0 0.0057566554
3387.0 0.0059351125
3388.0 0.0069597666
3389.0 0.006252075
3390.0 0.0057190998
3391.0 0.0052237665
3392.0 0.0051632186
3393.0 0.0053143119
3394.0 0.0077468471
3395.0 0.0054307366000000004
3396.0 0.0071863427
3397.0 0.0064411093
3398.0 0.0062202315
3399.0 0.0061760554
3400.0 0.0054854923
3401.0 0.005464156
3402.0 0.0059142712000000005
3403.0 0.0048828387
3404.0 0.0050062967
3405.0 0.0042212978
3406.0 0.0050928507
3407.0 0.0058188603
3408.0 0.005328913
3409.0 0.0046112557000000005
3410.0 0.0052880428
3411.0 0.0055177413
3412.0 0.0038049652
3413.0 0.0038797170000000004
3414.0 0.0056516733
3415.0 0.0044881558
3416.0 0.0031408383
3417.0 0.0018364869000000001
3418.0 0.0013099668000000001
3419.0 0.0021158555
3420.0 0.0008874246
3421.0 0.0008670131000000001
3422.0 0.0008762376000000001
3423.0 0.0
3424.0 0.0017538480000000001
3425.0 0.0018853744000000001
3426.0 0.0030630739000000002
3427.0 0.0023647507
3428.0 0.0013152007000000001
3429.0 0.0031648332
3430.0 0.0036766272
3431.0 0.0031107449000000002
3432.0 0.0026296383
3433.0 0.0033207322
3434.0 0.0024751339
3435.0 0.0035091145
3436.0 0.0019035536
3437.0 0.0034148542000000002
3438.0 0.0045954014
3439.0 0.00314628
3440.0 0.0039864706
3441.0 0.0066076552000000005
3442.0 0.0048912338
3443.0 0.0062764409
3444.0 0.0060907575
3445.0 0.005718272700000001
3446.0 0.0067586657
3447.0 0.0065553441
3448.0 0.0071796962
3449.0 0.005161528
3450.0 0.0075660978
3451.0 0.0074249202
3452.0 0.007474730200000001
3453.0 0.0084359022
3454.0 0.0077860424
3455.0 0.0080890832
3456.0 0.0081285924
3457.0 0.0071079566000000005
3458.0 0.0052177947
3459.0 0.005940057800000001
3460.0 0.006252971
3461.0 0.0062563714
3462.0 0.004750036
3463.0 0.0048907025
3464.0 0.0034067293
3465.0 0.0054750456
3466.0 0.0035013536000000002
3467.0 0.0031891579
3468.0 0.0056157262
3469.0 0.0064021775
3470.0 0.0050328022
3471.0 0.0059247616
3472.0 0.0074339766
3473.0 0.0066383509
3474.0 0.0060353386000000005
3475.0 0.007363882600000001
3476.0 0.0071331779
3477.0 0.0059306469
3478.0 0.0061683182
3479.0 0.0037918516
3480.0 0.0049614493
3481.0 0.0057083443
3482.0 0.0041826376000000005
3483.0 0.0041107572000000005
3484.0 0.0051236783
3485.0 0.0051716308
3486.0 0.0083769314
3487.0 0.0018181247
